female	isei	w_fstuwt	wnrschbw	high_school	college	one_for	both_for	test_lang	pass_read	id_school	wvarstr
1	37	1224.381	146.02	0	1	1	0	1	1	1	35
1	77	1224.381	146.02	1	0	0	0	1	1	1	35
1	53	1224.381	146.02	0	1	0	0	1	0	1	35
1	30	1224.381	146.02	1	0	0	0	1	0	1	35
1	70	1224.381	146.02	0	1	0	0	1	0	1	35
1	39	1224.381	146.02	0	1	0	0	1	1	1	35
0	34	1224.381	146.02	0	1	0	0	1	0	1	35
0	51	1224.381	146.02	0	1	0	0	1	1	1	35
1	23	1224.381	146.02	0	1	0	0	1	0	1	35
1	59	1224.381	146.02	0	1	0	0	1	0	1	35
1	56	1224.381	146.02	1	0	0	0	1	1	1	35
1	43	1224.381	146.02	1	0	0	0	1	0	1	35
0	49	1224.381	146.02	0	1	0	0	1	0	1	35
0	53	1224.381	146.02	1	0	0	0	1	1	1	35
0	70	1224.381	146.02	0	1	0	0	1	1	1	35
1	28	1224.381	146.02	0	1	0	0	1	0	1	35
0	52	1188.728	105.82	1	0	0	0	1	0	2	35
1	33	1337.318	105.82	1	0	0	0	1	0	2	35
1	43	1188.728	105.82	1	0	0	0	1	1	2	35
0	67	1188.728	105.82	1	0	0	0	1	1	2	35
0	69	1188.728	105.82	0	1	1	0	1	1	2	35
0	23	1188.728	105.82	1	0	0	0	1	1	2	35
1	70	1188.728	105.82	0	1	0	0	1	0	2	35
1	42	1188.728	105.82	0	1	0	0	1	1	2	35
1	33	1188.728	105.82	1	0	0	0	1	0	2	35
1	50	1188.728	105.82	1	0	1	0	1	0	2	35
1	64	1188.728	105.82	1	0	0	0	1	1	2	35
1	30	1188.728	105.82	1	0	0	0	1	0	2	35
0	57	1188.728	105.82	1	0	0	0	1	1	2	35
0	50	1188.728	105.82	1	0	0	0	1	0	2	35
1	71	1337.318	105.82	0	1	0	0	1	1	2	35
0	29	1188.728	105.82	1	0	0	0	1	1	2	35
1	29	1188.728	105.82	0	0	0	0	1	1	2	35
1	56	967.2105	296.95	0	1	0	1	0	0	3	1
1	67	967.2105	296.95	1	0	0	0	1	0	3	1
1	38	967.2105	296.95	1	0	0	1	1	0	3	1
1	40	967.2105	296.95	0	0	0	0	1	1	3	1
1	77	967.2105	296.95	0	1	1	0	0	0	3	1
1	23	967.2105	296.95	0	0	0	0	1	1	3	1
1	69	967.2105	296.95	0	1	0	0	1	0	3	1
1	25	1096.071	296.95	0	0	0	1	0	0	3	1
1	34	967.2105	296.95	0	1	1	0	1	1	3	1
1	23	1096.071	296.95	1	0	1	0	1	0	3	1
1	29	967.2105	296.95	1	0	0	1	1	0	3	1
1	23	1096.071	296.95	1	0	0	1	0	0	3	1
1	52	287.0575	65.9	1	0	0	0	1	0	4	5
1	45	287.0575	65.9	0	1	0	0	1	1	4	5
1	25	287.0575	65.9	0	1	0	0	1	0	4	5
0	23	287.0575	65.9	0	1	0	1	0	0	4	5
1	30	287.0575	65.9	0	1	0	0	1	0	4	5
0	67	287.0575	65.9	0	1	0	1	0	1	4	5
1	67	287.0575	65.9	0	0	1	0	0	0	4	5
0	57	287.0575	65.9	1	0	0	0	1	1	4	5
1	30	287.0575	65.9	1	0	1	0	1	0	4	5
1	77	287.0575	65.9	1	0	0	0	1	0	4	5
1	34	520.9468	49.94	0	1	0	0	1	0	5	5
1	24	520.9468	49.94	1	0	0	1	0	0	5	5
1	30	520.9468	49.94	0	0	0	1	0	0	5	5
1	29	520.9468	49.94	0	1	0	0	0	0	5	5
0	30	520.9468	49.94	0	1	0	1	1	0	5	5
0	26	520.9468	49.94	0	1	0	1	1	0	5	5
1	26	520.9468	49.94	0	1	0	1	0	0	5	5
0	34	516.0535	27.08	1	0	0	1	0	0	6	7
0	30	516.0535	27.08	1	0	0	0	1	0	6	7
0	30	595.1466	27.08	1	0	0	0	1	0	6	7
0	68	516.0535	27.08	0	1	0	0	1	0	6	7
0	24	595.1466	27.08	0	0	0	1	0	0	6	7
1	53	516.0535	27.08	0	1	0	1	0	0	6	7
0	39	595.1466	27.08	1	0	0	1	0	0	6	7
0	37	595.1466	27.08	1	0	1	0	1	0	6	7
0	34	516.0535	27.08	1	0	0	1	0	0	6	7
1	53	516.0535	27.08	0	1	0	1	0	0	6	7
0	34	641.114	15.41	1	0	0	0	1	0	7	8
1	32	555.912	15.41	1	0	0	1	0	0	7	8
0	21	555.912	15.41	1	0	0	0	1	0	7	8
1	53	641.114	15.41	1	0	0	1	0	0	7	8
1	30	555.912	15.41	0	0	0	1	0	0	7	8
1	30	641.114	15.41	1	0	0	1	0	0	7	8
1	38	641.114	15.41	0	1	0	0	0	0	7	8
1	30	555.912	15.41	0	1	0	1	0	0	7	8
0	19	555.912	15.41	0	0	0	1	0	0	7	8
0	29	555.912	15.41	1	0	0	0	1	0	7	8
1	30	555.912	15.41	1	0	0	1	0	0	7	8
0	21	555.912	15.41	1	0	0	0	1	0	7	8
0	56	1354.76	117.2	1	0	0	0	1	0	8	1
0	38	1354.76	117.2	1	0	0	0	1	1	8	1
0	69	1354.76	117.2	0	1	0	0	1	1	8	1
1	67	1354.76	117.2	0	1	0	0	1	0	8	1
0	68	1354.76	117.2	0	1	0	0	1	1	8	1
0	51	1354.76	117.2	1	0	0	1	1	1	8	1
1	69	1354.76	117.2	0	1	0	0	1	0	8	1
0	56	1354.76	117.2	0	1	0	0	1	1	8	1
0	34	1354.76	117.2	1	0	0	0	1	1	8	1
1	71	1354.76	117.2	0	1	0	0	1	0	8	1
1	70	1354.76	117.2	0	1	0	0	1	1	8	1
0	71	1354.76	117.2	1	0	0	0	1	1	8	1
1	56	1354.76	117.2	0	1	0	0	1	1	8	1
0	59	1354.76	117.2	1	0	0	0	1	0	8	1
1	54	1354.76	117.2	1	0	0	0	1	1	8	1
1	51	534.0058	62.32	0	1	0	0	1	0	9	9
1	33	534.0058	62.32	0	1	0	1	0	1	9	9
1	69	534.0058	62.32	0	1	0	0	1	1	9	9
1	59	534.0058	62.32	0	0	0	0	1	1	9	9
1	66	534.0058	62.32	1	0	0	0	1	0	9	9
0	43	534.0058	62.32	0	1	0	0	1	0	9	9
0	30	534.0058	62.32	1	0	0	0	1	0	9	9
0	53	534.0058	62.32	0	1	0	0	1	0	9	9
0	30	1353.09	181.99	1	0	0	1	1	0	10	28
1	56	1202.747	181.99	1	0	0	0	1	1	10	28
0	29	1202.747	181.99	0	1	0	0	1	1	10	28
1	69	1202.747	181.99	1	0	0	0	1	1	10	28
0	50	1202.747	181.99	0	1	0	0	1	0	10	28
1	51	1202.747	181.99	0	1	0	0	1	0	10	28
1	71	1202.747	181.99	1	0	0	0	1	0	10	28
0	67	1353.09	181.99	0	1	0	0	1	0	10	28
0	38	1353.09	181.99	1	0	0	0	1	0	10	28
0	30	1353.09	181.99	1	0	0	0	1	0	10	28
1	29	1202.747	181.99	0	0	0	0	1	1	10	28
1	77	1353.09	181.99	0	1	0	0	1	1	10	28
0	54	1353.09	181.99	0	1	0	0	1	0	10	28
1	21	1202.747	181.99	0	1	0	0	1	1	10	28
1	23	1202.747	181.99	1	0	0	0	1	1	10	28
0	44	1202.747	181.99	0	1	0	0	1	0	10	28
0	30	1353.09	181.99	0	1	0	0	1	0	10	28
1	50	1202.747	181.99	0	1	0	0	1	1	10	28
1	70	1202.747	181.99	1	0	0	0	1	0	10	28
0	71	1353.09	181.99	0	1	0	0	1	0	10	28
0	23	1202.747	181.99	0	1	0	0	1	0	10	28
1	25	1202.747	181.99	0	1	0	0	1	0	10	28
1	29	694.7062	36.76	0	1	1	0	1	0	11	11
1	21	694.7062	36.76	1	0	0	0	1	0	11	11
1	51	694.7062	36.76	1	0	0	0	1	1	11	11
1	71	602.382	36.76	0	1	0	1	1	0	11	11
0	29	694.7062	36.76	1	0	0	1	1	0	11	11
0	34	694.7062	36.76	1	0	0	0	1	0	11	11
0	23	694.7062	36.76	1	0	0	0	1	0	11	11
1	30	694.7062	36.76	1	0	0	0	1	0	11	11
0	69	694.7062	36.76	0	1	1	0	1	1	11	11
0	30	694.7062	36.76	0	1	0	0	1	0	11	11
1	52	694.7062	36.76	1	0	0	0	1	0	11	11
1	44	694.7062	36.76	1	0	0	0	1	0	11	11
0	69	694.7062	36.76	0	1	0	0	1	0	11	11
1	56	602.382	36.76	0	1	0	0	1	0	11	11
1	59	694.7062	36.76	1	0	0	0	1	0	11	11
0	49	1201.321	102.37	0	1	0	0	1	1	12	29
0	59	1201.321	102.37	0	1	0	0	1	1	12	29
1	42	1201.321	102.37	1	0	1	0	1	1	12	29
1	69	1201.321	102.37	0	1	0	0	1	1	12	29
0	68	1201.321	102.37	0	1	0	1	0	1	12	29
1	53	1201.321	102.37	0	1	0	0	1	1	12	29
0	40	1201.321	102.37	0	1	0	0	1	0	12	29
1	70	1351.486	102.37	0	1	0	0	1	1	12	29
0	38	1201.321	102.37	1	0	0	0	1	0	12	29
0	40	1201.321	102.37	0	1	0	1	1	1	12	29
1	74	1201.321	102.37	0	1	0	0	1	1	12	29
1	59	1201.321	102.37	0	1	0	0	1	0	12	29
1	71	1201.321	102.37	0	1	0	1	1	1	12	29
0	28	1351.486	102.37	0	1	0	0	1	0	12	29
0	69	1201.321	102.37	0	1	0	0	1	1	12	29
1	34	1201.321	102.37	1	0	0	0	1	1	12	29
1	50	1201.321	102.37	0	1	0	0	1	1	12	29
1	34	1201.321	102.37	1	0	0	0	1	1	12	29
1	51	1201.321	102.37	0	1	0	1	1	1	12	29
0	88	1201.321	102.37	0	1	1	0	1	0	12	29
1	54	1201.321	102.37	0	1	0	0	1	0	12	29
1	33	1201.321	102.37	1	0	0	0	1	0	12	29
0	69	1201.321	102.37	0	1	0	0	1	0	12	29
0	58	1201.321	102.37	1	0	1	0	1	1	12	29
0	29	1201.321	102.37	0	1	0	0	1	1	12	29
1	40	316.1323	316.13	0	1	0	0	1	0	13	11
1	39	316.1323	316.13	1	0	0	0	1	1	13	11
0	31	316.1323	316.13	1	0	0	0	1	0	13	11
1	34	316.1323	316.13	0	1	0	1	1	0	13	11
0	38	316.1323	316.13	0	1	0	1	0	0	13	11
0	49	316.1323	316.13	0	1	0	0	1	1	13	11
1	53	316.1323	316.13	0	1	0	0	1	1	13	11
1	53	316.1323	316.13	0	1	0	0	1	0	13	11
1	16	949.0488	180.92	1	0	0	0	1	0	14	33
0	29	949.0488	180.92	1	0	0	0	1	0	14	33
1	30	949.0488	180.92	0	1	0	0	1	0	14	33
1	30	708.1446	37.14	1	0	0	0	1	0	15	33
1	16	708.1446	37.14	1	0	0	0	1	0	15	33
0	34	708.1446	37.14	0	1	0	0	1	0	15	33
0	23	708.1446	37.14	1	0	0	0	1	0	15	33
1	21	614.0344	37.14	1	0	0	0	1	0	15	33
1	51	614.0344	37.14	0	1	1	0	1	0	15	33
1	42	708.1446	37.14	0	1	0	0	1	0	15	33
1	43	708.1446	37.14	1	0	0	0	1	0	15	33
0	23	708.1446	37.14	0	0	0	0	1	0	15	33
1	29	708.1446	37.14	0	0	0	0	1	0	15	33
0	70	1680.006	86.01	0	1	0	0	1	1	16	33
0	49	1890.007	86.01	0	1	0	0	1	1	16	33
0	71	1680.006	86.01	0	1	0	0	1	0	16	33
0	29	1890.007	86.01	1	0	0	0	1	1	16	33
1	40	1680.006	86.01	1	0	0	0	1	1	16	33
1	57	1680.006	86.01	0	1	0	0	1	1	16	33
1	70	1680.006	86.01	0	1	0	0	1	1	16	33
0	58	1680.006	86.01	0	1	0	0	1	0	16	33
0	34	1680.006	86.01	1	0	1	0	1	1	16	33
0	56	1680.006	86.01	1	0	0	0	1	0	16	33
1	69	1680.006	86.01	0	1	0	0	1	1	16	33
0	68	1680.006	86.01	0	1	0	0	1	1	16	33
1	61	1680.006	86.01	1	0	0	0	1	1	16	33
0	67	1680.006	86.01	0	1	0	0	1	1	16	33
1	30	1680.006	86.01	1	0	0	0	1	1	16	33
0	69	1680.006	86.01	0	1	0	0	1	1	16	33
1	77	1680.006	86.01	0	1	0	0	1	1	16	33
1	66	1680.006	86.01	0	1	0	0	1	1	16	33
1	51	1680.006	86.01	1	0	0	0	1	0	16	33
0	29	1680.006	86.01	1	0	0	0	1	1	16	33
1	56	1890.007	86.01	1	0	0	0	1	0	16	33
1	54	130.3095	34.13	0	1	0	0	1	1	17	34
0	56	130.3095	34.13	0	1	0	0	1	1	17	34
0	56	130.3095	34.13	0	1	0	0	1	0	17	34
0	35	130.3095	34.13	0	0	0	1	0	0	17	34
0	44	130.3095	34.13	1	0	0	1	0	0	17	34
1	29	130.3095	34.13	1	0	0	0	1	0	17	34
1	38	130.3095	34.13	0	1	0	1	0	0	17	34
0	21	448.7549	54.63	0	1	0	0	1	0	18	34
1	52	448.7549	54.63	1	0	0	0	1	0	18	34
0	37	389.1167	54.63	0	1	1	0	1	0	18	34
1	33	448.7549	54.63	0	1	0	0	1	1	18	34
1	37	448.7549	54.63	0	1	0	0	1	0	18	34
1	50	448.7549	54.63	0	1	0	0	1	1	18	34
0	30	448.7549	54.63	1	0	0	0	1	0	18	34
0	34	448.7549	54.63	0	1	0	0	1	1	18	34
0	53	448.7549	54.63	1	0	0	0	1	0	18	34
0	33	389.1167	54.63	0	1	0	0	1	0	18	34
0	26	448.7549	54.63	1	0	0	0	1	1	18	34
0	54	389.1167	54.63	0	1	0	0	1	0	18	34
1	50	448.7549	54.63	0	1	1	0	1	1	18	34
1	59	448.7549	54.63	0	1	0	0	1	1	18	34
1	43	448.7549	54.63	0	1	0	0	1	1	18	34
0	70	448.7549	54.63	1	0	0	0	1	1	18	34
1	22	448.7549	54.63	0	1	0	0	1	0	18	34
1	29	448.7549	54.63	0	1	0	0	1	0	18	34
0	27	448.7549	54.63	1	0	0	0	1	0	18	34
1	43	448.7549	54.63	0	1	0	0	1	0	18	34
0	28	448.7549	54.63	0	0	0	1	1	0	18	34
0	29	1140.898	154.4	0	1	0	0	1	0	19	34
1	30	1140.898	154.4	0	1	0	0	1	1	19	34
0	56	1283.51	154.4	0	1	0	0	1	1	19	34
0	77	1140.898	154.4	0	1	0	0	1	1	19	34
1	28	1140.898	154.4	0	1	0	0	1	1	19	34
1	30	1140.898	154.4	1	0	1	0	1	1	19	34
0	42	1140.898	154.4	1	0	0	0	1	1	19	34
1	56	1283.51	154.4	0	1	0	0	1	0	19	34
1	30	1140.898	154.4	1	0	0	0	1	1	19	34
0	59	1140.898	154.4	0	1	0	0	1	1	19	34
0	56	1140.898	154.4	0	1	0	0	1	1	19	34
0	34	1140.898	154.4	1	0	0	0	1	1	19	34
1	43	1140.898	154.4	1	0	0	0	1	0	19	34
0	69	1283.51	154.4	0	1	0	0	1	1	19	34
0	67	1283.51	154.4	0	1	0	1	0	1	19	34
1	45	1140.898	154.4	1	0	0	0	1	1	19	34
1	51	1140.898	154.4	1	0	0	0	1	1	19	34
1	29	1140.898	154.4	1	0	0	0	1	0	19	34
0	19	1283.51	154.4	0	1	0	0	1	0	19	34
1	69	1283.51	154.4	0	1	0	0	1	1	19	34
1	50	1140.898	154.4	0	1	0	0	1	1	19	34
0	69	1140.898	154.4	0	1	0	0	1	1	19	34
0	88	1283.51	154.4	0	1	0	0	1	1	19	34
0	64	1283.51	154.4	0	1	0	0	1	0	19	34
0	77	1140.898	154.4	0	1	0	0	1	1	19	34
1	51	2473.277	2139.63	0	1	0	0	1	1	20	41
1	67	2473.277	2139.63	0	1	0	0	1	0	20	41
0	51	947.2844	646.17	0	1	0	0	1	0	21	41
0	67	947.2844	646.17	0	1	0	0	1	0	21	41
0	69	947.2844	646.17	0	1	0	0	1	1	21	41
1	69	947.2844	646.17	1	0	0	0	1	1	21	41
1	34	947.2844	646.17	0	1	0	0	1	0	21	41
0	22	947.2844	646.17	0	1	0	0	1	1	21	41
0	53	947.2844	646.17	0	1	0	0	1	1	21	41
1	69	947.2844	646.17	0	1	0	0	1	0	21	41
1	29	947.2844	646.17	1	0	0	0	1	0	21	41
1	40	947.2844	646.17	0	1	0	0	1	0	21	41
0	70	947.2844	646.17	0	1	0	0	1	0	21	41
0	53	947.2844	646.17	1	0	0	0	1	0	21	41
1	85	947.2844	646.17	0	1	0	0	1	1	21	41
1	70	947.2844	646.17	0	1	0	0	1	1	21	41
0	69	947.2844	646.17	0	1	0	0	1	1	21	41
1	32	947.2844	646.17	1	0	0	0	1	0	21	41
1	32	947.2844	646.17	0	0	0	0	1	0	21	41
0	54	947.2844	646.17	0	1	0	0	1	0	21	41
1	34	1239.687	111.55	1	0	0	0	1	0	22	41
1	34	1239.687	111.55	1	0	0	0	1	1	22	41
0	43	1239.687	111.55	0	1	0	0	1	0	22	41
0	70	1239.687	111.55	1	0	0	0	1	0	22	41
1	74	1239.687	111.55	0	1	0	0	1	1	22	41
0	34	1239.687	111.55	1	0	0	0	1	0	22	41
1	69	1239.687	111.55	0	1	0	0	1	1	22	41
1	34	1239.687	111.55	1	0	0	0	1	0	22	41
0	38	1239.687	111.55	0	1	0	0	1	0	22	41
1	30	1239.687	111.55	1	0	0	0	1	0	22	41
1	34	1239.687	111.55	1	0	0	0	1	0	22	41
1	34	1239.687	111.55	1	0	0	0	1	0	22	41
1	51	1239.687	111.55	0	1	0	0	1	1	22	41
0	50	1239.687	111.55	1	0	0	0	1	1	22	41
0	16	1239.687	111.55	1	0	0	0	1	0	22	41
0	54	1239.687	111.55	0	1	0	0	1	0	22	41
1	70	355.1358	245.23	0	1	0	0	1	0	23	42
1	29	416.7517	245.23	0	1	0	0	1	0	23	42
0	36	416.7517	245.23	0	0	0	0	1	0	23	42
0	53	355.1358	245.23	1	0	0	0	1	0	23	42
1	29	355.1358	245.23	1	0	0	0	1	0	23	42
0	23	416.7517	245.23	1	0	0	0	1	0	23	42
1	21	416.7517	245.23	1	0	0	0	1	0	23	42
0	29	416.7517	245.23	0	0	0	0	1	0	23	42
1	29	355.1358	245.23	0	0	0	0	1	0	23	42
0	21	355.1358	245.23	1	0	0	0	1	0	23	42
1	21	416.7517	245.23	0	1	0	0	1	1	23	42
1	59	416.7517	245.23	0	1	0	0	1	0	23	42
0	34	355.1358	245.23	0	1	0	0	1	0	23	42
0	28	380.5785	167.53	1	0	0	0	1	0	24	42
1	53	324.3106	167.53	1	0	0	0	1	0	24	42
1	30	324.3106	167.53	1	0	0	0	1	1	24	42
1	32	324.3106	167.53	0	1	0	0	1	0	24	42
1	16	324.3106	167.53	0	1	0	0	1	0	24	42
0	25	324.3106	167.53	0	1	0	0	1	0	24	42
0	28	324.3106	167.53	0	1	0	0	1	0	24	42
0	28	324.3106	167.53	1	0	0	0	1	0	24	42
1	29	380.5785	167.53	0	1	0	0	1	0	24	42
1	21	380.5785	167.53	0	0	0	0	1	0	24	42
0	28	380.5785	167.53	0	1	0	0	1	0	24	42
1	30	380.5785	167.53	0	1	0	0	1	0	24	42
0	53	380.5785	167.53	0	1	0	0	1	0	24	42
0	16	380.5785	167.53	0	1	0	0	1	0	24	42
1	51	380.5785	167.53	1	0	0	0	1	0	24	42
1	23	368.2662	122.76	0	0	0	0	1	0	25	42
0	56	368.2662	122.76	1	0	0	0	1	0	25	42
1	29	368.2662	122.76	1	0	0	0	1	0	25	42
1	34	368.2662	122.76	1	0	0	0	1	0	25	42
1	30	368.2662	122.76	0	1	0	0	1	0	25	42
0	29	368.2662	122.76	0	1	0	0	1	0	25	42
1	30	368.2662	122.76	0	1	0	0	1	0	25	42
0	30	368.2662	122.76	1	0	0	0	1	0	25	42
1	21	368.2662	122.76	1	0	0	0	1	0	25	42
0	29	368.2662	122.76	1	0	0	0	1	0	25	42
1	33	368.2662	122.76	0	1	0	0	1	0	25	42
1	24	368.2662	122.76	1	0	0	0	1	1	25	42
1	34	368.2662	122.76	0	1	0	0	1	0	25	42
0	30	368.2662	122.76	1	0	0	0	1	0	25	42
1	38	368.2662	122.76	1	0	0	0	1	0	25	42
1	54	368.2662	122.76	0	1	0	0	1	1	25	42
0	29	368.2662	122.76	0	1	0	0	1	0	25	42
0	70	368.2662	122.76	1	0	0	0	1	0	25	42
1	22	2380.953	1821.74	1	0	0	0	1	0	26	42
0	34	2380.953	1821.74	1	0	0	0	1	0	26	42
1	30	856.0093	151.81	1	0	0	0	1	0	27	42
1	67	856.0093	151.81	0	1	0	0	1	0	27	42
1	46	856.0093	151.81	0	1	1	0	1	1	27	42
1	19	856.0093	151.81	1	0	0	0	1	1	27	42
1	28	856.0093	151.81	1	0	0	0	1	0	27	42
0	34	856.0093	151.81	1	0	0	0	1	1	27	42
1	34	856.0093	151.81	0	1	0	0	1	1	27	42
0	67	1004.527	151.81	1	0	0	0	1	0	27	42
1	32	856.0093	151.81	1	0	0	0	1	0	27	42
1	59	856.0093	151.81	0	1	0	0	1	1	27	42
1	29	856.0093	151.81	0	1	0	0	1	0	27	42
1	29	1004.527	151.81	1	0	0	0	1	0	27	42
0	30	856.0093	151.81	0	1	0	0	1	0	27	42
1	22	856.0093	151.81	1	0	0	0	1	0	27	42
1	68	856.0093	151.81	0	1	0	0	1	0	27	42
1	35	856.0093	151.81	0	1	0	0	1	0	27	42
1	29	856.0093	151.81	0	1	0	0	1	0	27	42
1	64	856.0093	151.81	0	1	0	0	1	1	27	42
0	50	856.0093	151.81	1	0	0	0	1	0	27	42
0	29	856.0093	151.81	0	0	0	0	1	1	27	42
1	21	290.5679	98.49	1	0	0	0	1	0	28	42
1	34	290.5679	98.49	1	0	0	0	1	1	28	42
1	74	290.5679	98.49	0	1	0	0	1	1	28	42
0	69	290.5679	98.49	0	1	0	0	1	1	28	42
1	67	290.5679	98.49	1	0	0	0	1	0	28	42
0	30	290.5679	98.49	1	0	0	0	1	0	28	42
1	34	290.5679	98.49	1	0	0	0	1	1	28	42
1	69	290.5679	98.49	0	1	0	0	1	1	28	42
1	37	290.5679	98.49	1	0	0	0	1	0	28	42
0	40	290.5679	98.49	1	0	0	0	1	0	28	42
1	56	290.5679	98.49	1	0	0	0	1	1	28	42
1	33	290.5679	98.49	1	0	0	0	1	1	28	42
1	50	290.5679	98.49	1	0	0	0	1	1	28	42
0	29	290.5679	98.49	1	0	0	0	1	1	28	42
0	33	290.5679	98.49	0	1	0	0	1	0	28	42
0	43	290.5679	98.49	1	0	0	0	1	0	28	42
0	50	290.5679	98.49	1	0	0	0	1	0	28	42
1	40	540.0363	149.55	0	1	0	0	1	1	29	41
0	50	540.0363	149.55	1	0	0	0	1	0	29	41
0	25	540.0363	149.55	1	0	0	0	1	0	29	41
1	22	540.0363	149.55	1	0	0	0	1	0	29	41
0	53	540.0363	149.55	0	1	0	0	1	0	29	41
1	23	540.0363	149.55	0	1	0	0	1	0	29	41
1	40	540.0363	149.55	1	0	0	0	1	0	29	41
1	67	540.0363	149.55	1	0	0	0	1	1	29	41
1	25	540.0363	149.55	0	0	0	0	1	0	29	41
0	41	540.0363	149.55	1	0	0	0	1	0	29	41
1	40	540.0363	149.55	0	0	0	0	1	0	29	41
1	40	540.0363	149.55	0	1	0	0	1	0	29	41
0	34	454.3866	75.94	0	0	0	0	1	0	30	41
1	30	454.3866	75.94	0	1	0	0	1	1	30	41
1	67	454.3866	75.94	0	1	0	0	1	0	30	41
1	74	454.3866	75.94	0	1	0	0	1	1	30	41
1	28	533.2225	75.94	0	1	0	0	1	0	30	41
1	21	454.3866	75.94	1	0	0	0	1	0	30	41
1	58	454.3866	75.94	1	0	1	0	1	1	30	41
0	30	454.3866	75.94	1	0	0	0	1	0	30	41
1	30	533.2225	75.94	1	0	0	0	1	0	30	41
1	38	454.3866	75.94	0	1	0	0	1	0	30	41
1	51	454.3866	75.94	1	0	0	0	1	0	30	41
1	21	454.3866	75.94	1	0	0	0	1	0	30	41
0	34	533.2225	75.94	0	1	0	0	1	0	30	41
0	31	533.2225	75.94	0	0	0	0	1	0	30	41
1	34	533.2225	75.94	1	0	0	0	1	0	30	41
0	53	454.3866	75.94	1	0	0	0	1	0	30	41
1	34	454.3866	75.94	0	0	0	0	1	0	30	41
0	40	144.7146	96.36	1	0	1	0	1	0	31	36
1	36	144.7146	96.36	1	0	0	1	0	0	31	36
1	56	537.2266	29.37	0	1	0	0	1	0	32	36
1	85	537.2266	29.37	0	1	0	1	0	0	32	36
1	77	537.2266	29.37	0	1	0	0	1	0	32	36
0	77	537.2266	29.37	1	0	1	0	1	1	32	36
1	53	537.2266	29.37	0	1	0	0	1	1	32	36
0	29	537.2266	29.37	0	1	0	0	1	1	32	36
1	51	537.2266	29.37	0	1	0	0	1	1	32	36
1	40	537.2266	29.37	0	0	0	1	1	0	32	36
0	54	537.2266	29.37	1	0	0	1	0	0	32	36
1	51	537.2266	29.37	0	1	0	0	1	0	32	36
1	67	537.2266	29.37	1	0	0	0	1	1	32	36
0	68	537.2266	29.37	0	1	0	1	1	0	32	36
1	31	537.2266	29.37	0	1	0	0	1	1	32	36
0	23	537.2266	29.37	1	0	0	1	1	0	32	36
1	30	537.2266	29.37	1	0	1	0	1	0	32	36
0	23	537.2266	29.37	1	0	0	0	1	0	32	36
1	56	537.2266	29.37	0	1	1	0	1	1	32	36
0	66	537.2266	29.37	0	1	1	0	1	0	32	36
0	50	537.2266	29.37	0	1	0	1	1	0	32	36
1	56	537.2266	29.37	0	1	0	1	0	0	32	36
0	56	763.87	21.52	0	1	0	1	0	0	33	36
1	67	763.87	21.52	1	0	0	1	0	0	33	36
1	59	763.87	21.52	1	0	0	0	1	0	33	36
0	30	763.87	21.52	0	0	0	1	1	0	33	36
0	59	660.057	16.77	0	1	0	1	0	0	34	36
0	69	660.057	16.77	0	1	0	1	1	0	34	36
1	53	660.057	16.77	0	1	0	1	0	1	34	36
0	56	660.057	16.77	1	0	0	1	0	0	34	36
0	30	660.057	16.77	0	1	1	0	1	0	34	36
1	69	660.057	16.77	0	1	1	0	1	1	34	36
1	38	660.057	16.77	0	1	0	1	0	0	34	36
1	23	660.057	16.77	1	0	0	1	0	1	34	36
1	34	660.057	16.77	0	1	0	1	0	1	34	36
0	59	622.5074	57.96	1	0	0	0	1	1	35	36
0	43	622.5074	57.96	0	1	0	0	1	0	35	36
1	49	622.5074	57.96	0	1	0	0	1	1	35	36
0	70	622.5074	57.96	0	1	0	0	1	1	35	36
1	51	622.5074	57.96	0	1	0	0	1	1	35	36
1	50	622.5074	57.96	0	1	0	0	1	1	35	36
0	51	622.5074	57.96	1	0	0	0	1	0	35	36
0	30	622.5074	57.96	1	0	0	0	1	1	35	36
0	56	622.5074	57.96	1	0	0	0	1	1	35	36
1	50	622.5074	57.96	0	1	0	0	1	1	35	36
0	88	622.5074	57.96	0	1	0	0	1	1	35	36
1	33	622.5074	57.96	0	1	0	0	1	1	35	36
0	31	622.5074	57.96	1	0	0	0	1	1	35	36
0	40	515.0528	36.22	0	1	0	0	1	1	36	36
1	59	515.0528	36.22	1	0	0	0	1	1	36	36
1	43	515.0528	36.22	0	1	0	0	1	0	36	36
1	69	515.0528	36.22	0	1	0	0	1	1	36	36
0	56	515.0528	36.22	0	1	0	0	1	0	36	36
0	45	515.0528	36.22	0	1	0	0	1	0	36	36
1	34	515.0528	36.22	0	1	0	0	1	0	36	36
0	33	515.0528	36.22	1	0	0	0	1	0	36	36
1	33	515.0528	36.22	0	1	0	0	1	1	36	36
1	69	515.0528	36.22	0	1	0	1	1	0	36	36
1	53	515.0528	36.22	1	0	0	0	1	1	36	36
0	43	515.0528	36.22	0	1	0	1	1	0	36	36
1	34	515.0528	36.22	1	0	0	0	1	0	36	36
0	69	515.0528	36.22	0	1	0	1	1	0	36	36
0	43	515.0528	36.22	0	1	0	0	1	0	36	36
1	30	515.0528	36.22	0	1	1	0	1	1	36	36
1	30	515.0528	36.22	0	1	0	0	1	0	36	36
1	54	515.0528	36.22	1	0	0	0	1	1	36	36
1	69	515.0528	36.22	0	1	0	0	1	1	36	36
0	30	515.0528	36.22	1	0	0	0	1	0	36	36
1	38	1014.344	84.47	1	0	0	0	1	1	37	36
0	65	1014.344	84.47	0	1	1	0	1	0	37	36
0	56	1014.344	84.47	0	1	0	0	1	1	37	36
0	68	1014.344	84.47	0	1	0	0	1	0	37	36
1	51	1014.344	84.47	0	1	0	1	1	1	37	36
1	67	1183.401	84.47	0	1	0	1	0	0	37	36
0	56	1183.401	84.47	0	1	0	0	1	1	37	36
1	41	1014.344	84.47	0	1	0	0	1	1	37	36
0	34	1183.401	84.47	0	1	0	0	1	1	37	36
0	61	1014.344	84.47	0	1	0	0	1	0	37	36
1	50	1183.401	84.47	1	0	0	0	1	0	37	36
0	69	1014.344	84.47	0	1	0	0	1	1	37	36
1	56	1014.344	84.47	0	1	0	0	1	1	37	36
0	69	1014.344	84.47	0	1	0	0	1	1	37	36
1	69	1014.344	84.47	0	1	0	0	1	1	37	36
0	69	1014.344	84.47	0	1	0	0	1	0	37	36
1	69	1014.344	84.47	0	1	0	0	1	1	37	36
0	40	1183.401	84.47	0	1	0	0	1	0	37	36
1	42	1014.344	84.47	1	0	0	0	1	1	37	36
1	69	1014.344	84.47	0	1	0	0	1	1	37	36
1	69	1014.344	84.47	0	1	0	0	0	1	37	36
0	69	1183.401	84.47	0	1	0	0	1	1	37	36
1	44	1125.417	955.42	0	1	0	0	1	1	38	38
0	69	1125.417	955.42	0	1	0	0	1	0	38	38
1	71	1125.417	955.42	0	1	0	0	1	0	38	38
1	33	1275.356	955.42	0	1	0	0	1	0	38	38
1	23	1275.356	955.42	1	0	0	0	1	1	38	38
1	69	1125.417	955.42	0	1	0	0	1	1	38	38
1	69	1125.417	955.42	0	1	0	0	1	1	38	38
0	71	1125.417	955.42	0	1	0	0	1	1	38	38
1	68	1125.417	955.42	0	1	0	0	1	0	38	38
0	71	1125.417	955.42	0	1	0	0	1	1	38	38
1	70	1275.356	955.42	0	1	0	0	1	1	38	38
1	30	1275.356	955.42	0	1	0	0	1	1	38	38
1	69	1125.417	955.42	0	1	0	0	1	1	38	38
0	56	1275.356	955.42	0	1	0	0	1	1	38	38
0	85	1125.417	955.42	0	1	0	0	1	1	38	38
0	40	1275.356	955.42	0	1	0	0	1	1	38	38
1	66	1275.356	955.42	0	1	0	0	1	1	38	38
1	68	1125.417	955.42	0	1	0	0	1	1	38	38
1	69	1125.417	955.42	1	0	0	0	1	0	38	38
0	56	1125.417	955.42	1	0	0	0	1	1	38	38
0	56	1275.356	955.42	0	1	0	0	1	1	38	38
1	30	1275.356	955.42	1	0	0	0	1	1	38	38
1	70	1125.417	955.42	0	1	0	0	1	1	38	38
1	30	443.7378	72.45	1	0	0	0	1	0	39	38
1	69	443.7378	72.45	0	1	0	0	1	1	39	38
0	59	443.7378	72.45	0	1	0	0	1	0	39	38
1	29	443.7378	72.45	1	0	0	0	1	1	39	38
1	67	443.7378	72.45	1	0	0	0	1	1	39	38
0	29	443.7378	72.45	1	0	0	0	1	0	39	38
1	29	443.7378	72.45	0	1	0	0	1	0	39	38
0	59	443.7378	72.45	1	0	0	0	1	0	39	38
0	34	443.7378	72.45	0	1	0	0	1	0	39	38
1	29	443.7378	72.45	0	0	0	0	1	0	39	38
0	59	443.7378	72.45	1	0	0	0	1	1	39	38
1	32	443.7378	72.45	1	0	0	0	1	1	39	38
0	34	443.7378	72.45	1	0	0	0	1	1	39	38
0	34	443.7378	72.45	0	0	0	0	1	0	39	38
1	46	443.7378	72.45	1	0	1	0	1	1	39	38
1	40	443.7378	72.45	1	0	0	0	1	0	39	38
0	35	443.7378	72.45	1	0	0	0	1	1	39	38
1	33	443.7378	72.45	1	0	0	0	1	1	39	38
0	37	443.7378	72.45	0	1	0	0	1	0	39	38
0	43	443.7378	72.45	1	0	0	0	1	0	39	38
1	25	443.7378	72.45	0	1	0	0	1	1	39	38
1	38	443.7378	72.45	1	0	0	0	1	1	39	38
0	69	443.7378	72.45	0	1	0	0	1	0	39	38
0	51	443.7378	72.45	0	1	0	0	1	0	39	38
1	49	443.7378	72.45	0	1	0	0	1	1	39	38
0	30	1019.487	82.8	0	1	0	0	1	0	40	38
1	69	868.7578	82.8	0	1	0	0	1	0	40	38
1	34	868.7578	82.8	0	1	0	0	1	0	40	38
1	30	868.7578	82.8	1	0	0	0	1	0	40	38
0	37	868.7578	82.8	0	1	0	0	1	1	40	38
1	22	868.7578	82.8	0	1	0	0	1	0	40	38
0	68	868.7578	82.8	0	1	0	0	1	0	40	38
1	43	868.7578	82.8	0	1	0	0	1	0	40	38
0	43	731.1315	222.91	0	1	0	0	1	0	41	39
1	68	731.1315	222.91	0	1	1	0	1	1	41	39
0	69	731.1315	222.91	0	1	0	0	1	1	41	39
1	52	731.1315	222.91	1	0	0	0	1	0	41	39
1	39	731.1315	222.91	1	0	0	0	1	1	41	39
1	24	731.1315	222.91	0	1	0	0	1	0	41	39
1	68	731.1315	222.91	0	1	0	0	1	1	41	39
0	51	857.9826	222.91	0	1	0	0	1	0	41	39
1	33	731.1315	222.91	0	1	1	0	1	1	41	39
0	32	731.1315	222.91	1	0	0	0	1	0	41	39
1	69	857.9826	222.91	0	1	0	0	1	1	41	39
1	29	857.9826	222.91	0	0	0	0	1	0	41	39
1	43	857.9826	222.91	0	1	0	0	1	0	41	39
0	56	857.9826	222.91	0	1	0	0	1	0	41	39
0	77	731.1315	222.91	0	1	0	0	1	0	41	39
0	25	731.1315	222.91	0	1	0	0	1	1	41	39
0	77	857.9826	222.91	0	1	0	0	1	1	41	39
0	34	857.9826	222.91	1	0	0	0	1	0	41	39
0	77	731.1315	222.91	0	1	0	0	1	1	41	39
0	70	1547.117	191.23	0	1	0	0	1	0	42	39
1	30	1326.101	191.23	1	0	0	0	1	1	42	39
1	43	1547.117	191.23	0	1	0	0	1	1	42	39
1	56	1326.101	191.23	0	0	0	0	1	0	42	39
1	41	1547.117	191.23	1	0	0	0	1	1	42	39
0	30	1326.101	191.23	1	0	0	0	1	0	42	39
0	69	1547.117	191.23	0	1	0	0	1	0	42	39
1	59	1326.101	191.23	0	1	1	0	1	1	42	39
1	33	1547.117	191.23	0	1	0	0	1	1	42	39
1	69	1326.101	191.23	1	0	0	0	1	0	42	39
0	43	1326.101	191.23	0	1	0	0	1	0	42	39
0	55	1326.101	191.23	1	0	0	0	1	0	42	39
0	69	1563.747	113.81	0	1	0	0	1	0	43	39
1	43	1824.371	113.81	1	0	0	0	1	0	43	39
1	16	1824.371	113.81	0	1	1	0	1	0	43	39
1	74	1824.371	113.81	0	1	0	0	1	1	43	39
0	85	1563.747	113.81	0	1	0	0	1	0	43	39
0	56	1563.747	113.81	0	1	0	0	1	0	43	39
0	53	1824.371	113.81	0	1	1	0	1	0	43	39
0	56	1824.371	113.81	0	1	0	0	1	1	43	39
1	43	1563.747	113.81	0	1	0	0	1	1	43	39
0	59	1824.371	113.81	0	1	0	0	1	0	43	39
0	70	1824.371	113.81	0	1	0	0	1	0	43	39
0	54	1824.371	113.81	0	1	0	0	1	1	43	39
1	19	1824.371	113.81	1	0	0	0	1	0	43	39
0	85	1824.371	113.81	0	1	0	0	1	1	43	39
1	43	783.9208	73.72	0	1	0	0	1	1	44	39
1	71	783.9208	73.72	0	1	0	0	1	1	44	39
1	56	783.9208	73.72	0	1	0	0	1	1	44	39
0	66	783.9208	73.72	0	1	0	0	1	0	44	39
1	74	783.9208	73.72	0	1	0	0	1	1	44	39
0	38	783.9208	73.72	0	1	1	0	1	0	44	39
0	88	783.9208	73.72	0	1	0	0	1	1	44	39
1	54	783.9208	73.72	0	1	0	0	1	1	44	39
1	40	783.9208	73.72	0	1	0	0	1	0	44	39
1	50	783.9208	73.72	0	1	0	0	1	0	44	39
1	56	783.9208	73.72	1	0	0	0	1	0	44	39
0	58	783.9208	73.72	0	1	0	0	1	0	44	39
1	68	783.9208	73.72	0	1	0	1	0	1	44	39
0	56	783.9208	73.72	0	1	0	0	1	1	44	39
1	66	783.9208	73.72	0	1	0	0	1	1	44	39
1	74	783.9208	73.72	0	1	0	0	1	1	44	39
1	69	783.9208	73.72	0	1	0	0	1	0	44	39
1	23	783.9208	73.72	1	0	0	0	1	1	44	39
1	67	783.9208	73.72	0	1	0	0	1	1	44	39
0	56	783.9208	73.72	0	1	0	0	1	1	44	39
1	43	783.9208	73.72	0	1	0	0	1	0	44	39
0	59	783.9208	73.72	0	1	0	0	1	1	44	39
1	67	783.9208	73.72	0	1	0	0	1	1	44	39
0	30	574.3975	99.93	1	0	0	0	1	0	45	37
1	19	674.0552	99.93	0	1	0	0	1	0	45	37
0	29	674.0552	99.93	0	1	0	0	1	0	45	37
1	39	574.3975	99.93	0	1	0	0	1	0	45	37
0	30	574.3975	99.93	1	0	0	0	1	1	45	37
1	29	574.3975	99.93	0	1	0	0	1	0	45	37
1	40	574.3975	99.93	0	1	0	0	1	1	45	37
0	29	574.3975	99.93	0	1	0	0	1	0	45	37
0	30	674.0552	99.93	0	1	0	0	1	0	45	37
1	67	574.3975	99.93	0	1	0	0	1	1	45	37
0	67	674.0552	99.93	0	1	0	0	1	0	45	37
1	34	574.3975	99.93	1	0	0	0	1	0	45	37
1	43	574.3975	99.93	0	1	0	0	1	1	45	37
1	41	585.0785	362.23	1	0	0	0	1	0	46	39
0	23	686.5894	362.23	1	0	0	0	1	0	46	39
0	66	686.5894	362.23	0	1	0	0	1	0	46	39
0	34	585.0785	362.23	1	0	0	0	1	0	46	39
1	34	585.0785	362.23	1	0	0	0	1	0	46	39
1	40	585.0785	362.23	1	0	0	0	1	0	46	39
0	66	585.0785	362.23	0	1	0	0	1	1	46	39
0	21	585.0785	362.23	1	0	0	0	1	1	46	39
0	50	585.0785	362.23	1	0	1	0	1	0	46	39
1	34	585.0785	362.23	1	0	0	0	1	0	46	39
1	26	585.0785	362.23	0	0	0	0	1	1	46	39
0	45	686.5894	362.23	1	0	0	0	1	0	46	39
0	59	585.0785	362.23	0	1	0	0	0	1	46	39
0	43	585.0785	362.23	1	0	0	0	1	0	46	39
1	34	585.0785	362.23	1	0	0	0	1	0	46	39
1	43	686.5894	362.23	0	1	0	0	1	0	46	39
1	67	585.0785	362.23	1	0	0	0	1	0	46	39
1	31	686.5894	362.23	1	0	0	0	1	1	46	39
1	21	585.0785	362.23	0	0	0	0	1	0	46	39
0	30	585.0785	362.23	1	0	0	0	1	0	46	39
1	90	737.735	190.02	0	1	0	0	1	1	47	39
0	49	737.735	190.02	0	1	0	0	1	0	47	39
1	67	628.6623	190.02	0	1	0	0	1	0	47	39
1	33	628.6623	190.02	1	0	0	0	1	0	47	39
1	56	628.6623	190.02	0	1	1	0	1	0	47	39
0	50	628.6623	190.02	1	0	0	0	1	0	47	39
0	30	628.6623	190.02	1	0	0	0	1	0	47	39
1	46	628.6623	190.02	0	1	0	0	1	0	47	39
0	34	628.6623	190.02	0	1	0	0	1	1	47	39
0	71	628.6623	190.02	0	1	0	0	1	0	47	39
1	33	737.735	190.02	1	0	0	0	1	1	47	39
0	40	737.735	190.02	0	1	0	0	1	0	47	39
1	33	628.6623	190.02	0	1	0	0	1	1	47	39
1	29	628.6623	190.02	1	0	0	0	1	0	47	39
1	67	737.735	190.02	0	1	0	0	1	0	47	39
0	32	765.2116	120.12	0	1	0	0	1	0	48	39
0	43	652.0765	120.12	0	1	0	0	1	0	48	39
0	71	652.0765	120.12	0	1	0	0	1	0	48	39
0	60	652.0765	120.12	0	1	0	0	1	1	48	39
0	69	652.0765	120.12	0	1	0	0	1	0	48	39
0	34	652.0765	120.12	1	0	0	0	1	1	48	39
1	33	652.0765	120.12	0	1	0	0	1	0	48	39
1	64	652.0765	120.12	0	1	0	0	1	1	48	39
1	69	765.2116	120.12	0	1	0	1	1	1	48	39
0	55	652.0765	120.12	1	0	0	0	1	0	48	39
0	56	652.0765	120.12	0	1	0	0	1	0	48	39
1	88	652.0765	120.12	0	1	1	0	1	1	48	39
0	59	652.0765	120.12	1	0	0	0	1	0	48	39
0	69	652.0765	120.12	0	1	0	0	1	1	48	39
0	16	652.0765	120.12	1	0	0	0	1	0	48	39
1	34	652.0765	120.12	1	0	0	0	1	0	48	39
0	71	652.0765	120.12	1	0	0	0	1	1	48	39
0	45	765.2116	120.12	0	1	0	0	1	0	48	39
1	68	1245.23	499.36	0	1	0	0	1	1	49	39
1	53	1245.23	499.36	0	1	0	0	1	1	49	39
0	69	1452.768	499.36	0	1	0	0	1	0	49	39
0	29	1452.768	499.36	1	0	0	0	1	0	49	39
0	34	1452.768	499.36	0	1	0	0	1	0	49	39
1	40	1452.768	499.36	1	0	0	0	1	0	49	39
1	33	1245.23	499.36	0	1	0	0	1	0	49	39
1	31	1245.23	499.36	1	0	0	0	1	0	49	39
0	27	1245.23	499.36	0	1	0	0	1	0	49	39
0	37	1245.23	499.36	1	0	0	0	1	0	49	39
0	52	1452.768	499.36	0	1	0	0	1	0	49	39
1	23	1245.23	499.36	1	0	0	0	1	0	49	39
1	32	1452.768	499.36	0	1	0	0	1	0	49	39
0	28	1245.23	499.36	1	0	0	0	1	0	49	39
1	59	1452.768	499.36	0	1	0	0	1	0	49	39
1	39	1245.23	499.36	0	1	0	0	1	1	49	39
1	22	1452.768	499.36	0	0	0	0	1	0	49	39
1	30	1245.23	499.36	0	0	0	0	1	0	49	39
1	34	1245.23	499.36	0	1	0	0	1	0	49	39
1	59	1245.23	499.36	0	1	0	0	1	1	49	39
0	28	853.7155	207.67	1	0	0	0	1	0	50	46
1	34	1013.208	207.67	1	0	0	0	1	0	50	46
1	39	853.7155	207.67	0	1	0	0	1	1	50	46
0	67	1013.208	207.67	0	1	0	0	1	0	50	46
1	88	853.7155	207.67	0	1	0	0	1	1	50	46
1	34	1013.208	207.67	1	0	0	0	1	0	50	46
1	59	853.7155	207.67	1	0	0	0	1	0	50	46
1	67	853.7155	207.67	1	0	0	0	1	1	50	46
0	30	853.7155	207.67	1	0	0	0	1	0	50	46
1	69	1013.208	207.67	0	1	0	0	1	1	50	46
0	23	1013.208	207.67	1	0	0	0	1	0	50	46
1	29	853.7155	207.67	0	1	0	0	1	0	50	46
1	23	853.7155	207.67	1	0	0	0	1	1	50	46
1	34	853.7155	207.67	0	1	0	0	1	1	50	46
0	28	1013.208	207.67	0	1	0	0	1	0	50	46
1	69	853.7155	207.67	1	0	0	0	1	1	50	46
0	54	853.7155	207.67	1	0	0	0	1	0	50	46
1	29	853.7155	207.67	1	0	0	0	1	0	50	46
1	34	853.7155	207.67	0	0	0	0	1	1	50	46
1	21	853.7155	207.67	0	1	0	0	1	0	50	46
0	24	853.7155	207.67	0	1	0	0	1	0	50	46
1	28	3858.783	3352.32	1	0	0	0	1	0	51	46
0	34	3858.783	3352.32	0	1	0	0	1	0	51	46
0	67	3858.783	3352.32	0	1	0	0	1	0	51	46
0	26	3354.005	2913.79	1	0	0	0	1	0	52	45
0	30	1082.088	252.87	0	1	0	0	1	1	53	47
1	83	1082.088	252.87	0	1	0	0	1	1	53	47
1	23	1082.088	252.87	1	0	0	0	1	0	53	47
1	34	1082.088	252.87	1	0	0	0	1	0	53	47
1	56	1082.088	252.87	0	1	0	0	1	0	53	47
0	21	1082.088	252.87	0	1	0	0	1	1	53	47
0	87	1082.088	252.87	0	1	0	0	1	0	53	47
0	34	1082.088	252.87	1	0	0	0	1	0	53	47
0	23	1082.088	252.87	1	0	0	0	1	0	53	47
0	37	1082.088	252.87	0	1	0	0	1	0	53	47
0	28	1082.088	252.87	0	1	0	0	1	0	53	47
0	28	1082.088	252.87	1	0	0	0	1	0	53	47
0	56	911.7527	252.87	0	1	0	0	0	1	53	47
1	28	911.7527	252.87	1	0	0	0	1	1	53	47
1	28	1082.088	252.87	1	0	0	0	1	0	53	47
1	59	911.7527	252.87	0	1	0	0	1	0	53	47
0	23	911.7527	252.87	1	0	0	0	1	0	53	47
0	34	911.7527	252.87	1	0	0	0	1	0	53	47
1	53	1082.088	252.87	1	0	0	0	1	0	53	47
1	33	911.7527	252.87	0	1	0	0	1	1	53	47
0	32	911.7527	252.87	1	0	0	0	1	0	53	47
0	19	557.7357	465.51	0	1	0	0	1	0	54	45
1	51	557.7357	465.51	1	0	0	0	1	1	54	45
1	30	492.1651	465.51	1	0	0	0	1	0	54	45
0	87	557.7357	465.51	0	1	0	0	1	1	54	45
0	33	557.7357	465.51	1	0	0	0	1	0	54	45
0	37	557.7357	465.51	0	1	0	0	1	0	54	45
1	88	557.7357	465.51	0	1	0	0	1	1	54	45
1	25	492.1651	465.51	1	0	0	0	1	1	54	45
1	38	557.7357	465.51	1	0	0	0	1	0	54	45
0	69	557.7357	465.51	0	1	0	1	0	0	54	45
1	70	557.7357	465.51	1	0	0	0	1	0	54	45
0	39	557.7357	465.51	0	1	0	0	1	0	54	45
1	69	557.7357	465.51	0	1	0	0	1	1	54	45
1	29	492.1651	465.51	1	0	0	0	1	0	54	45
1	56	557.7357	465.51	0	1	0	0	1	1	54	45
0	87	492.1651	465.51	0	1	0	0	1	1	54	45
1	50	492.1651	465.51	0	1	0	0	1	1	54	45
1	69	557.7357	465.51	0	1	0	0	1	0	54	45
0	69	557.7357	465.51	0	1	0	0	1	0	54	45
0	56	557.7357	465.51	0	1	0	0	1	0	54	45
0	51	557.7357	465.51	0	1	0	0	1	0	54	45
1	51	492.1651	465.51	0	1	0	0	1	0	54	45
1	33	838.0799	838.08	0	1	0	0	1	0	55	45
1	43	994.6511	838.08	0	1	0	0	1	0	55	45
1	37	994.6511	838.08	0	0	0	0	1	0	55	45
1	23	994.6511	838.08	0	0	0	0	1	1	55	45
0	30	994.6511	838.08	1	0	0	0	1	0	55	45
1	28	994.6511	838.08	0	1	0	0	1	0	55	45
0	43	994.6511	838.08	0	1	0	0	1	0	55	45
1	27	838.0799	838.08	1	0	0	0	1	0	55	45
1	28	838.0799	838.08	0	1	0	0	1	0	55	45
0	30	994.6511	838.08	0	1	0	0	1	1	55	45
0	24	838.0799	838.08	0	1	0	0	1	0	55	45
1	34	838.0799	838.08	0	1	0	0	1	0	55	45
0	28	994.6511	838.08	0	1	0	0	1	0	55	45
0	28	994.6511	838.08	0	1	0	0	1	0	55	45
0	21	838.0799	838.08	0	1	0	0	0	0	55	45
1	28	838.0799	838.08	0	1	0	0	1	1	55	45
0	28	838.0799	838.08	1	0	0	0	1	1	55	45
1	31	994.6511	838.08	1	0	0	0	1	0	55	45
1	28	838.0799	838.08	1	0	0	0	1	1	55	45
1	23	703.0638	88.74	1	0	0	0	1	1	56	45
0	30	703.0638	88.74	1	0	0	0	1	0	56	45
1	69	834.4111	88.74	0	1	0	0	1	0	56	45
0	43	834.4111	88.74	0	1	0	0	1	0	56	45
0	77	834.4111	88.74	1	0	0	0	1	0	56	45
0	56	834.4111	88.74	0	1	0	0	1	0	56	45
0	50	834.4111	88.74	0	1	0	0	1	0	56	45
1	33	703.0638	88.74	0	1	0	0	1	0	56	45
1	66	703.0638	88.74	0	1	0	0	1	0	56	45
0	23	703.0638	88.74	1	0	0	0	1	0	56	45
1	88	703.0638	88.74	0	1	0	1	1	1	56	45
0	56	703.0638	88.74	0	1	0	0	1	1	56	45
1	40	834.4111	88.74	1	0	0	0	1	1	56	45
1	29	834.4111	88.74	0	0	0	0	1	0	56	45
1	49	703.0638	88.74	0	1	0	0	1	0	56	45
0	28	834.4111	88.74	0	1	0	0	1	1	56	45
0	49	703.0638	88.74	0	1	0	0	1	0	56	45
1	32	703.0638	88.74	0	1	0	0	1	1	56	45
1	28	981.2644	362.13	0	1	0	0	1	0	57	47
1	26	981.2644	362.13	1	0	0	0	1	0	57	47
0	21	981.2644	362.13	1	0	0	0	1	0	57	47
1	59	981.2644	362.13	0	1	0	0	1	0	57	47
1	46	981.2644	362.13	1	0	0	0	1	1	57	47
0	30	981.2644	362.13	1	0	0	0	1	0	57	47
1	26	981.2644	362.13	0	1	0	0	1	0	57	47
1	36	981.2644	362.13	1	0	0	0	1	1	57	47
1	23	981.2644	362.13	1	0	0	0	1	0	57	47
0	30	981.2644	362.13	1	0	0	0	1	1	57	47
1	30	981.2644	362.13	0	1	0	0	1	1	57	47
1	33	981.2644	362.13	0	1	0	0	1	0	57	47
1	29	981.2644	362.13	0	1	0	0	1	0	57	47
1	34	981.2644	362.13	1	0	0	0	1	1	57	47
1	19	981.2644	362.13	0	0	0	0	1	0	57	47
0	29	1267.722	182.34	0	1	0	0	1	0	58	47
1	51	1267.722	182.34	0	1	0	0	1	1	58	47
0	31	1068.166	182.34	0	1	0	0	1	0	58	47
0	32	1267.722	182.34	0	1	0	0	1	0	58	47
1	49	1267.722	182.34	0	1	0	0	1	0	58	47
0	83	1267.722	182.34	0	1	0	0	1	0	58	47
1	34	1068.166	182.34	0	1	0	0	1	1	58	47
1	53	1068.166	182.34	0	1	0	0	1	0	58	47
1	40	1267.722	182.34	0	1	0	0	1	0	58	47
0	51	1267.722	182.34	1	0	0	0	1	0	58	47
1	29	1068.166	182.34	1	0	0	0	1	0	58	47
1	21	1267.722	182.34	0	1	0	0	1	1	58	47
1	34	1068.166	182.34	0	1	0	0	1	0	58	47
0	50	1068.166	182.34	0	1	0	0	1	1	58	47
1	37	1267.722	182.34	0	1	0	0	1	0	58	47
1	56	1068.166	182.34	0	1	0	0	1	0	58	47
0	22	1267.722	182.34	1	0	0	0	1	0	58	47
1	67	1068.166	182.34	0	1	0	0	1	0	58	47
0	34	1068.166	182.34	0	1	0	0	1	1	58	47
0	38	1068.166	182.34	1	0	0	0	1	0	58	47
0	69	1267.722	182.34	1	0	0	0	1	0	58	47
0	43	1079.879	56.66	0	1	0	1	1	0	59	12
1	30	1234.148	56.66	0	0	0	1	1	0	59	12
1	29	1079.879	56.66	0	0	0	1	0	0	59	12
1	45	830.9571	42.26	1	0	0	0	1	0	60	13
1	49	830.9571	42.26	0	1	1	0	1	0	60	13
1	56	830.9571	42.26	1	0	0	0	1	0	60	13
0	38	830.9571	42.26	1	0	0	0	1	0	60	13
0	29	949.6653	42.26	0	1	0	0	1	0	60	13
1	59	830.9571	42.26	1	0	0	0	1	1	60	13
1	77	830.9571	42.26	0	1	0	0	1	0	60	13
0	53	949.6653	42.26	0	1	0	0	1	0	60	13
0	58	949.6653	42.26	1	0	0	0	1	1	60	13
0	71	830.9571	42.26	0	1	0	0	1	0	60	13
1	40	949.6653	42.26	0	1	0	0	1	0	60	13
0	34	830.9571	42.26	1	0	0	0	1	0	60	13
0	69	949.6653	42.26	0	1	0	0	1	0	60	13
0	23	949.6653	42.26	1	0	1	0	1	0	60	13
0	30	830.9571	42.26	1	0	0	1	1	0	60	13
0	66	830.9571	42.26	1	0	0	1	1	1	60	13
1	30	830.9571	42.26	0	1	0	0	1	0	60	13
1	49	949.6653	42.26	0	1	0	0	1	1	60	13
1	33	528.7475	31.44	1	0	0	0	1	1	61	13
0	51	528.7475	31.44	0	1	0	0	1	0	61	13
1	65	528.7475	31.44	0	1	0	1	1	1	61	13
0	59	528.7475	31.44	0	1	0	0	1	1	61	13
1	34	604.2829	31.44	1	0	1	0	1	0	61	13
0	23	604.2829	31.44	1	0	0	0	1	1	61	13
1	43	528.7475	31.44	1	0	0	0	1	0	61	13
1	34	604.2829	31.44	1	0	0	0	1	0	61	13
0	53	528.7475	31.44	0	1	0	0	1	0	61	13
0	16	528.7475	31.44	0	0	0	1	1	0	61	13
1	54	604.2829	31.44	0	1	0	0	1	0	61	13
0	65	493.9425	409.45	1	0	0	0	1	0	62	14
0	29	493.9425	409.45	0	1	0	0	1	0	62	14
1	30	493.9425	409.45	1	0	0	0	1	0	62	14
1	21	493.9425	409.45	0	1	0	1	1	0	62	14
1	50	493.9425	409.45	0	1	0	0	1	0	62	14
0	51	493.9425	409.45	1	0	0	0	1	0	62	14
0	30	919.7956	190.37	1	0	0	0	1	0	64	30
0	45	919.7956	190.37	1	0	0	0	1	0	64	30
1	67	919.7956	190.37	0	1	0	0	1	1	64	30
1	33	919.7956	190.37	1	0	0	0	1	1	64	30
0	67	919.7956	190.37	0	1	0	0	1	1	64	30
1	43	919.7956	190.37	0	1	0	0	1	1	64	30
1	71	919.7956	190.37	1	0	0	0	1	0	64	30
1	16	919.7956	190.37	1	0	0	1	0	0	64	30
1	71	919.7956	190.37	0	1	0	1	0	1	64	30
1	23	919.7956	190.37	1	0	0	0	1	0	64	30
1	56	919.7956	190.37	0	1	0	0	1	0	64	30
0	49	919.7956	190.37	0	1	0	0	1	0	64	30
0	71	919.7956	190.37	1	0	0	0	1	0	64	30
0	59	919.7956	190.37	1	0	0	0	1	0	64	30
1	68	919.7956	190.37	0	1	0	0	1	0	64	30
1	24	1057.213	63	0	1	0	0	1	1	65	31
0	33	1295.939	63	0	1	0	0	1	0	65	31
0	69	1057.213	63	1	0	0	0	1	0	65	31
1	29	1295.939	63	1	0	0	0	1	0	65	31
1	49	1057.213	63	1	0	0	0	1	1	65	31
0	70	1295.939	63	0	1	0	0	1	1	65	31
1	56	1057.213	63	0	1	0	0	1	0	65	31
1	31	1295.939	63	0	1	1	0	1	1	65	31
1	23	1295.939	63	0	1	0	0	1	0	65	31
0	53	1057.213	63	1	0	0	0	1	1	65	31
1	85	1057.213	63	0	1	0	1	1	1	65	31
0	67	1295.939	63	0	1	0	0	1	0	65	31
1	70	1295.939	63	0	1	0	0	1	0	65	31
0	68	1057.213	63	0	1	0	0	1	1	65	31
0	30	1057.213	63	1	0	0	0	1	0	65	31
1	51	1126.98	114.29	0	1	1	0	1	1	66	33
1	69	1126.98	114.29	1	0	0	0	1	0	66	33
1	88	1277.126	114.29	0	1	0	0	1	0	66	33
0	67	1126.98	114.29	0	1	0	0	1	1	66	33
0	39	1277.126	114.29	1	0	0	0	1	0	66	33
1	56	1126.98	114.29	0	1	0	0	1	1	66	33
1	69	1126.98	114.29	0	1	0	0	1	1	66	33
0	43	1126.98	114.29	0	1	0	1	1	0	66	33
0	43	1126.98	114.29	0	1	0	0	1	1	66	33
0	33	1126.98	114.29	0	1	0	0	1	1	66	33
1	70	1126.98	114.29	0	1	0	0	1	1	66	33
0	70	1126.98	114.29	0	1	0	0	1	1	66	33
1	85	1277.126	114.29	0	1	0	0	1	0	66	33
1	56	1126.98	114.29	0	1	0	0	1	1	66	33
0	71	1277.126	114.29	1	0	0	0	1	0	66	33
1	56	1277.126	114.29	0	1	1	0	1	0	66	33
0	40	1277.126	114.29	0	1	0	0	1	0	66	33
0	69	1126.98	114.29	0	1	0	0	1	0	66	33
0	88	1277.126	114.29	0	1	0	0	1	1	66	33
0	70	1126.98	114.29	0	1	0	0	1	0	66	33
0	77	1277.126	114.29	0	1	0	0	1	1	66	33
1	69	1126.98	114.29	0	1	0	0	1	1	66	33
1	49	1126.98	114.29	0	1	0	0	1	0	66	33
1	66	1126.98	114.29	0	1	0	0	1	1	66	33
1	29	801.0261	175.22	0	1	0	0	1	0	67	33
1	40	801.0261	175.22	1	0	0	0	1	0	67	33
1	71	801.0261	175.22	0	1	0	0	1	0	67	33
0	29	801.0261	175.22	1	0	0	0	1	0	67	33
0	38	801.0261	175.22	0	1	0	0	1	0	67	33
1	71	801.0261	175.22	0	1	0	0	1	1	67	33
0	54	801.0261	175.22	1	0	0	0	1	1	67	33
1	71	801.0261	175.22	1	0	0	0	1	1	67	33
0	29	801.0261	175.22	0	1	0	0	1	1	67	33
0	69	801.0261	175.22	0	1	0	0	1	0	67	33
1	30	801.0261	175.22	1	0	0	0	1	0	67	33
1	58	801.0261	175.22	0	1	0	0	1	0	67	33
1	70	801.0261	175.22	0	1	0	0	1	1	67	33
1	70	801.0261	175.22	0	1	0	0	1	1	67	33
0	56	801.0261	175.22	1	0	0	0	1	0	67	33
0	24	801.0261	175.22	0	1	0	0	1	0	67	33
1	34	801.0261	175.22	1	0	0	0	1	0	67	33
0	70	801.0261	175.22	0	1	0	0	1	1	67	33
0	30	801.0261	175.22	0	1	0	0	1	0	67	33
0	21	801.0261	175.22	1	0	0	0	1	1	67	33
0	30	801.0261	175.22	0	1	0	0	1	0	67	33
0	56	1108.231	61.08	0	1	0	0	1	0	68	33
0	41	1108.231	61.08	0	1	0	0	1	1	68	33
1	69	1358.477	61.08	0	1	0	0	1	1	68	33
0	51	1108.231	61.08	0	1	0	0	1	0	68	33
0	51	1108.231	61.08	1	0	0	0	1	1	68	33
0	70	1358.477	61.08	0	1	0	0	1	0	68	33
1	67	1108.231	61.08	0	1	0	0	1	1	68	33
1	54	1108.231	61.08	0	1	0	0	1	0	68	33
1	70	1108.231	61.08	1	0	0	0	1	0	68	33
0	56	1358.477	61.08	0	1	0	0	1	0	68	33
0	71	1108.231	61.08	0	1	0	0	1	0	68	33
0	56	1358.477	61.08	0	1	0	0	1	0	68	33
1	40	1108.231	61.08	1	0	0	0	1	0	68	33
1	67	1108.231	61.08	0	1	0	0	1	1	68	33
1	23	1358.477	61.08	0	1	0	0	1	0	68	33
1	69	1108.231	61.08	0	1	0	0	1	1	68	33
1	67	1108.231	61.08	1	0	0	0	1	1	68	33
1	64	1358.477	61.08	0	1	0	0	1	0	68	33
1	51	1108.231	61.08	0	1	0	0	1	1	68	33
1	79	1108.231	61.08	1	0	0	0	1	0	68	33
0	38	1108.231	61.08	0	1	0	0	1	1	68	33
0	46	1358.477	61.08	0	1	0	0	1	1	68	33
1	51	1108.231	61.08	0	1	0	0	1	0	68	33
0	38	3310.511	2065.54	1	0	0	0	1	0	69	43
0	30	856.8754	71.69	1	0	0	0	1	0	70	43
0	53	979.2862	71.69	1	0	1	0	1	0	70	43
1	30	856.8754	71.69	1	0	0	0	1	0	70	43
1	35	856.8754	71.69	1	0	0	0	1	1	70	43
0	31	979.2862	71.69	1	0	0	0	1	0	70	43
1	27	856.8754	71.69	0	0	0	1	0	0	70	43
1	30	979.2862	71.69	0	0	0	1	1	0	70	43
0	32	856.8754	71.69	0	0	0	1	0	1	70	43
1	34	856.8754	71.69	1	0	0	0	1	0	70	43
1	34	856.8754	71.69	1	0	0	0	1	1	70	43
1	56	1542.834	83.59	0	1	0	0	1	1	71	43
0	56	1542.834	83.59	1	0	0	0	1	0	71	43
0	30	1542.834	83.59	0	1	0	0	0	0	71	43
1	34	1258.628	83.59	1	0	0	0	1	0	71	43
1	23	1542.834	83.59	0	0	0	1	0	0	71	43
1	40	1542.834	83.59	1	0	0	0	1	0	71	43
1	58	1258.628	83.59	1	0	0	0	1	0	71	43
1	50	1258.628	83.59	0	1	0	0	1	1	71	43
1	68	1258.628	83.59	0	1	0	0	1	0	71	43
0	56	1542.834	83.59	0	1	0	0	1	0	71	43
0	31	1542.834	83.59	1	0	0	0	1	0	71	43
1	51	1133.67	53.44	0	1	0	0	1	1	72	43
1	43	1133.67	53.44	1	0	0	0	1	1	72	43
0	34	1133.67	53.44	0	1	0	0	1	0	72	43
0	69	924.8358	53.44	0	1	0	0	1	0	72	43
1	77	1133.67	53.44	0	1	0	0	1	1	72	43
0	69	924.8358	53.44	0	1	0	0	1	1	72	43
1	77	1133.67	53.44	0	1	0	0	1	1	72	43
0	59	1133.67	53.44	1	0	0	0	1	0	72	43
0	28	1133.67	53.44	0	1	0	0	1	1	72	43
1	34	924.8358	53.44	1	0	0	0	1	0	72	43
1	34	1133.67	53.44	1	0	0	0	1	1	72	43
0	67	924.8358	53.44	0	1	0	0	1	0	72	43
0	29	1133.67	53.44	1	0	0	0	1	0	72	43
0	40	924.8358	53.44	0	1	0	0	1	1	72	43
0	69	924.8358	53.44	0	1	0	0	1	0	72	43
0	32	1133.67	53.44	1	0	0	0	1	0	72	43
1	30	1133.67	53.44	0	1	0	0	1	0	72	43
1	30	1133.67	53.44	1	0	0	0	1	0	72	43
0	34	1133.67	53.44	1	0	0	0	1	0	72	43
0	69	924.8358	53.44	0	1	0	0	1	1	72	43
1	34	391.3304	65.8	1	0	0	0	1	0	73	43
0	32	342.4141	65.8	1	0	0	0	1	0	73	43
0	30	342.4141	65.8	0	1	0	0	1	0	73	43
1	54	346.7823	261.46	1	0	0	0	1	1	74	43
1	44	346.7823	261.46	0	1	0	0	1	0	74	43
1	70	346.7823	261.46	0	1	0	0	1	1	74	43
1	69	346.7823	261.46	0	1	0	0	1	1	74	43
1	32	346.7823	261.46	0	1	0	0	1	1	74	43
1	69	346.7823	261.46	0	1	0	0	1	1	74	43
1	30	346.7823	261.46	0	1	0	0	1	0	74	43
1	69	346.7823	261.46	1	0	0	0	1	1	74	43
0	50	346.7823	261.46	0	1	0	0	1	1	74	43
1	34	346.7823	261.46	1	0	0	0	1	0	74	43
0	36	346.7823	261.46	1	0	0	0	1	0	74	43
0	56	346.7823	261.46	0	1	0	0	1	0	74	43
1	67	346.7823	261.46	0	1	0	0	1	1	74	43
1	50	346.7823	261.46	0	1	0	0	1	0	74	43
1	85	346.7823	261.46	0	1	0	0	1	1	74	43
1	36	346.7823	261.46	0	1	0	0	1	1	74	43
1	70	346.7823	261.46	0	1	0	0	1	0	74	43
1	39	346.7823	261.46	0	1	0	0	1	1	74	43
0	36	346.7823	261.46	0	1	0	0	1	1	74	43
1	36	346.7823	261.46	1	0	0	0	1	1	74	43
1	23	346.7823	261.46	1	0	0	0	1	1	74	43
0	29	346.7823	261.46	0	1	0	0	1	0	74	43
0	50	346.7823	261.46	0	1	0	0	1	0	74	43
0	56	346.7823	261.46	0	1	0	0	1	0	74	43
1	29	346.7823	261.46	0	1	0	0	1	1	74	43
1	52	346.7823	261.46	1	0	0	0	1	1	74	43
0	30	346.7823	261.46	1	0	0	0	0	0	74	43
1	56	346.7823	261.46	0	1	0	0	1	1	74	43
0	69	1411.444	99.64	0	1	0	0	1	0	75	43
0	71	1411.444	99.64	0	1	0	0	1	0	75	43
1	54	1151.441	99.64	0	1	0	0	1	0	75	43
1	67	1151.441	99.64	0	1	0	0	1	1	75	43
1	71	1151.441	99.64	0	1	0	1	1	1	75	43
1	70	1151.441	99.64	0	1	0	0	1	1	75	43
0	40	1411.444	99.64	0	1	0	0	1	0	75	43
0	74	1151.441	99.64	0	1	0	1	0	1	75	43
1	69	1151.441	99.64	0	1	0	1	1	1	75	43
0	43	1151.441	99.64	0	1	0	0	1	0	75	43
1	69	1411.444	99.64	0	1	0	0	1	0	75	43
1	29	1411.444	99.64	0	1	0	0	1	0	75	43
1	50	1151.441	99.64	0	1	0	0	1	1	75	43
1	30	1151.441	99.64	0	1	0	0	1	1	75	43
1	88	1151.441	99.64	0	1	0	0	1	1	75	43
1	34	1411.444	99.64	1	0	0	0	1	1	75	43
0	26	1151.441	99.64	1	0	0	0	1	1	75	43
1	57	1151.441	99.64	0	1	0	0	1	1	75	43
0	69	1411.444	99.64	0	1	1	0	1	0	75	43
0	71	1151.441	99.64	0	1	0	0	1	1	75	43
1	53	1151.441	99.64	0	1	0	1	1	0	75	43
0	69	1151.441	99.64	0	1	0	1	1	1	75	43
0	69	1411.444	99.64	0	1	0	0	1	1	75	43
0	71	1411.444	99.64	0	1	0	0	1	0	75	43
1	34	1304.485	299.21	0	1	0	0	1	0	76	44
0	30	1304.485	299.21	1	0	0	0	1	1	76	44
1	30	1304.485	299.21	1	0	0	0	1	0	76	44
0	34	1599.046	299.21	1	0	0	0	1	0	76	44
0	30	1304.485	299.21	1	0	0	0	1	1	76	44
1	56	1304.485	299.21	0	1	0	0	1	1	76	44
0	25	1599.046	299.21	1	0	0	0	1	1	76	44
1	70	1599.046	299.21	1	0	0	0	1	1	76	44
1	30	1599.046	299.21	1	0	0	0	1	1	76	44
1	70	1599.046	299.21	1	0	0	0	1	1	76	44
1	69	1304.485	299.21	1	0	0	0	1	0	76	44
1	49	1304.485	299.21	1	0	0	0	1	0	76	44
1	37	1599.046	299.21	1	0	0	0	1	1	76	44
1	23	1304.485	299.21	1	0	0	0	1	0	76	44
1	35	1304.485	299.21	1	0	0	0	1	0	76	44
0	30	1304.485	299.21	1	0	0	0	1	1	76	44
1	29	1304.485	299.21	1	0	0	0	1	0	76	44
0	41	1599.046	299.21	0	1	0	0	1	0	76	44
1	71	629.0178	72.3	1	0	0	0	1	0	77	44
0	69	629.0178	72.3	0	1	0	0	1	0	77	44
0	30	629.0178	72.3	1	0	0	0	1	0	77	44
0	69	629.0178	72.3	1	0	0	0	1	0	77	44
1	45	629.0178	72.3	1	0	0	0	1	0	77	44
0	51	629.0178	72.3	0	1	0	0	1	0	77	44
1	33	629.0178	72.3	1	0	0	0	1	0	77	44
0	67	629.0178	72.3	0	1	0	0	1	1	77	44
0	41	629.0178	72.3	1	0	0	0	1	1	77	44
1	43	629.0178	72.3	0	1	0	0	1	0	77	44
1	34	629.0178	72.3	1	0	0	0	1	1	77	44
1	32	629.0178	72.3	0	1	0	0	1	1	77	44
0	34	629.0178	72.3	1	0	0	0	1	0	77	44
1	51	629.0178	72.3	1	0	0	0	1	0	77	44
1	67	629.0178	72.3	0	1	0	0	1	1	77	44
1	69	629.0178	72.3	1	0	0	0	1	0	77	44
0	23	629.0178	72.3	1	0	0	0	1	0	77	44
0	70	629.0178	72.3	0	1	0	0	1	0	77	44
0	56	629.0178	72.3	0	1	0	0	1	0	77	44
1	50	1183.786	95.01	0	1	0	0	1	1	78	44
0	38	1183.786	95.01	0	0	0	0	1	0	78	44
0	30	965.7203	95.01	1	0	0	0	1	0	78	44
0	88	1183.786	95.01	0	1	0	0	1	1	78	44
1	23	1183.786	95.01	0	1	0	0	1	1	78	44
1	49	965.7203	95.01	0	0	0	1	0	0	78	44
0	40	1183.786	95.01	0	1	0	0	1	0	78	44
0	30	965.7203	95.01	0	1	0	0	1	1	78	44
0	41	1183.786	95.01	0	1	0	0	1	1	78	44
0	59	965.7203	95.01	1	0	0	0	1	0	78	44
0	38	1183.786	95.01	0	1	0	0	1	0	78	44
0	77	1183.786	95.01	0	1	0	0	1	0	78	44
0	59	1183.786	95.01	1	0	0	0	1	1	78	44
1	56	1183.786	95.01	1	0	0	0	1	0	78	44
1	37	1183.786	95.01	1	0	0	0	1	0	78	44
0	59	965.7203	95.01	1	0	0	0	1	0	78	44
0	54	825.5002	74.3	0	1	0	0	1	1	79	44
1	69	825.5002	74.3	0	1	0	0	1	0	79	44
1	51	825.5002	74.3	0	1	0	0	1	1	79	44
1	59	825.5002	74.3	0	1	0	0	1	1	79	44
1	23	825.5002	74.3	1	0	0	0	1	0	79	44
1	45	825.5002	74.3	0	1	0	0	1	0	79	44
1	59	825.5002	74.3	0	1	0	0	1	1	79	44
1	30	825.5002	74.3	1	0	0	0	1	1	79	44
0	43	825.5002	74.3	1	0	0	0	1	0	79	44
1	90	825.5002	74.3	0	1	0	0	1	0	79	44
1	44	825.5002	74.3	0	1	0	0	1	1	79	44
1	34	825.5002	74.3	1	0	0	0	1	0	79	44
0	51	825.5002	74.3	0	1	0	0	1	1	79	44
1	85	320.5203	41.95	0	1	0	0	1	1	80	51
0	71	320.5203	41.95	0	1	0	0	1	0	80	51
1	59	320.5203	41.95	1	0	1	0	1	0	80	51
0	67	320.5203	41.95	0	1	0	0	1	1	80	51
0	51	320.5203	41.95	0	1	0	0	1	1	80	51
0	85	320.5203	41.95	0	1	0	0	1	1	80	51
1	37	320.5203	41.95	1	0	0	0	1	1	80	51
0	59	320.5203	41.95	0	1	0	0	1	0	80	51
1	33	320.5203	41.95	0	1	0	0	1	1	80	51
1	69	320.5203	41.95	0	1	0	0	1	0	80	51
1	33	320.5203	41.95	0	0	0	1	0	1	80	51
1	30	320.5203	41.95	1	0	0	0	1	0	80	51
1	67	320.5203	41.95	0	1	0	0	1	0	80	51
0	51	320.5203	41.95	1	0	0	0	1	1	80	51
1	67	320.5203	41.95	0	1	0	0	1	1	80	51
1	67	320.5203	41.95	0	1	0	0	1	1	80	51
1	58	320.5203	41.95	1	0	0	0	1	0	80	51
0	30	320.5203	41.95	0	1	0	0	1	0	80	51
1	77	320.5203	41.95	0	1	0	0	1	1	80	51
1	64	320.5203	41.95	0	1	0	0	1	1	80	51
0	64	866.6696	122.45	0	1	0	0	1	0	81	51
1	50	866.6696	122.45	0	1	1	0	1	0	81	51
1	30	866.6696	122.45	0	1	0	0	0	0	81	51
1	69	866.6696	122.45	0	1	0	0	1	0	81	51
1	32	866.6696	122.45	0	1	0	0	1	0	81	51
1	30	866.6696	122.45	0	1	0	0	1	0	81	51
1	30	866.6696	122.45	0	1	0	0	1	0	81	51
0	26	866.6696	122.45	0	0	0	0	1	0	81	51
0	29	866.6696	122.45	1	0	0	0	1	0	81	51
1	34	866.6696	122.45	0	1	0	0	1	0	81	51
1	37	866.6696	122.45	0	1	0	0	1	0	81	51
1	33	866.6696	122.45	0	1	0	0	1	0	81	51
1	33	866.6696	122.45	1	0	0	0	1	0	81	51
1	23	345.414	301.63	0	1	1	0	0	1	82	52
1	16	345.414	301.63	1	0	0	0	1	0	82	52
0	23	345.414	301.63	0	0	0	1	1	0	82	52
1	56	319.6154	301.63	0	1	0	1	1	0	82	52
1	43	319.6154	301.63	0	0	0	1	0	0	82	52
1	30	345.414	301.63	0	0	0	1	0	0	82	52
0	53	345.414	301.63	0	1	0	0	1	1	82	52
0	44	319.6154	301.63	1	0	0	1	0	0	82	52
0	37	319.6154	301.63	0	1	0	0	1	1	82	52
1	16	345.414	301.63	0	0	0	1	1	1	82	52
1	16	345.414	301.63	0	0	0	1	0	0	82	52
0	69	319.6154	301.63	0	1	0	0	1	0	82	52
1	56	345.414	301.63	1	0	0	0	1	1	82	52
1	49	319.6154	301.63	1	0	0	0	1	1	82	52
1	59	345.414	301.63	0	1	0	0	1	1	82	52
0	59	319.6154	301.63	0	1	0	0	1	1	82	52
1	33	345.414	301.63	1	0	0	0	1	1	82	52
0	23	345.414	301.63	0	1	0	0	1	0	82	52
0	29	319.6154	301.63	0	1	0	0	1	0	82	52
0	16	319.6154	301.63	0	0	0	1	0	0	82	52
1	30	319.6154	301.63	1	0	0	1	0	0	82	52
1	67	2656.165	2251.62	0	1	0	0	1	1	83	52
1	28	2656.165	2251.62	0	0	0	0	1	0	83	52
0	69	725.6834	108.22	0	1	0	0	1	0	84	52
0	49	725.6834	108.22	0	1	0	0	1	1	84	52
1	85	725.6834	108.22	0	1	0	0	1	1	84	52
1	34	725.6834	108.22	1	0	0	0	1	1	84	52
1	34	725.6834	108.22	0	0	0	0	1	0	84	52
0	30	725.6834	108.22	0	0	0	0	1	0	84	52
1	74	725.6834	108.22	0	1	0	0	1	0	84	52
1	34	725.6834	108.22	1	0	0	0	1	1	84	52
1	88	725.6834	108.22	0	1	0	0	1	0	84	52
1	50	725.6834	108.22	1	0	0	0	1	1	84	52
1	49	725.6834	108.22	1	0	0	0	1	0	84	52
1	51	725.6834	108.22	0	1	0	0	1	1	84	52
0	69	725.6834	108.22	0	1	1	0	1	0	84	52
0	69	725.6834	108.22	0	1	0	0	1	0	84	52
1	57	725.6834	108.22	0	1	0	0	1	1	84	52
0	33	725.6834	108.22	1	0	0	0	1	0	84	52
1	69	725.6834	108.22	0	1	0	0	1	1	84	52
0	69	725.6834	108.22	0	1	0	0	1	1	84	52
0	25	725.6834	108.22	0	1	0	0	1	0	84	52
1	29	1235.795	1235.8	0	0	0	0	1	1	85	51
0	43	1235.795	1235.8	0	1	0	0	1	0	85	51
1	30	1335.545	1235.8	1	0	1	0	1	0	85	51
0	28	504.1169	275.69	1	0	0	0	1	0	86	51
0	69	504.1169	275.69	1	0	0	0	1	0	86	51
1	34	504.1169	275.69	1	0	0	0	1	1	86	51
0	21	544.808	275.69	1	0	1	0	1	0	86	51
1	30	504.1169	275.69	1	0	0	0	1	0	86	51
1	28	504.1169	275.69	0	1	0	0	1	1	86	51
0	34	544.808	275.69	0	0	0	0	1	0	86	51
1	23	504.1169	275.69	0	0	0	0	1	0	86	51
0	51	544.808	275.69	0	1	0	0	1	0	86	51
1	40	544.808	275.69	1	0	0	0	1	1	86	51
1	23	504.1169	275.69	0	1	0	0	1	0	86	51
1	40	544.808	275.69	1	0	0	0	1	1	86	51
1	29	544.808	275.69	0	1	1	0	1	0	86	51
1	23	563.1402	241.3	1	0	0	0	1	0	87	51
0	16	563.1402	241.3	1	0	0	0	1	1	87	51
1	35	563.1402	241.3	1	0	0	0	1	0	87	51
0	88	521.0799	241.3	0	1	0	0	1	0	87	51
1	34	563.1402	241.3	1	0	0	0	1	0	87	51
1	28	563.1402	241.3	0	1	0	0	1	0	87	51
0	34	521.0799	241.3	0	0	0	0	1	0	87	51
1	42	521.0799	241.3	0	1	0	0	1	0	87	51
1	27	563.1402	241.3	1	0	0	0	1	1	87	51
1	70	521.0799	241.3	0	1	0	0	1	1	87	51
1	51	563.1402	241.3	0	1	0	0	1	1	87	51
1	44	521.0799	241.3	0	1	0	0	1	1	87	51
0	33	521.0799	241.3	1	0	0	0	1	0	87	51
1	35	563.1402	241.3	0	0	0	0	1	0	87	51
1	34	521.0799	241.3	1	0	0	0	1	1	87	51
0	28	521.0799	241.3	1	0	0	0	1	0	87	51
1	26	563.1402	241.3	0	1	0	0	1	1	87	51
0	65	521.0799	241.3	0	1	0	0	1	1	87	51
0	39	563.1402	241.3	1	0	0	0	1	0	87	51
0	54	521.0799	241.3	0	1	0	0	1	0	87	51
1	70	563.1402	241.3	0	1	0	0	1	1	87	51
0	23	563.1402	241.3	1	0	0	0	1	1	87	51
1	28	1663.878	1538.41	0	1	0	0	1	0	88	51
0	56	1663.878	1538.41	0	1	0	0	1	0	88	51
1	39	1663.878	1538.41	0	1	0	0	1	0	88	51
0	34	1663.878	1538.41	0	1	0	0	1	0	88	51
0	23	1663.878	1538.41	0	1	0	0	1	0	88	51
1	54	1663.878	1538.41	0	1	0	0	1	0	88	51
1	71	677.5191	48.79	0	1	0	0	1	1	89	16
1	23	677.5191	48.79	1	0	0	1	1	1	89	16
0	30	677.5191	48.79	0	1	0	1	0	0	89	16
1	29	677.5191	48.79	1	0	0	1	1	0	89	16
1	26	677.5191	48.79	1	0	0	0	1	0	89	16
0	40	677.5191	48.79	1	0	0	0	1	0	89	16
0	56	677.5191	48.79	0	1	0	1	1	0	89	16
1	40	677.5191	48.79	0	0	0	0	1	0	89	16
0	64	677.5191	48.79	1	0	0	1	0	0	89	16
0	34	575.9322	30.14	1	0	0	0	1	0	90	19
0	40	575.9322	30.14	0	1	0	0	1	0	90	19
0	33	575.9322	30.14	1	0	0	0	1	0	90	19
1	85	575.9322	30.14	0	1	0	1	1	1	90	19
0	68	575.9322	30.14	0	1	0	0	1	1	90	19
0	71	575.9322	30.14	0	1	0	0	1	0	90	19
0	49	575.9322	30.14	1	0	0	0	1	1	90	19
1	69	575.9322	30.14	0	1	0	0	1	0	90	19
0	70	575.9322	30.14	0	1	0	0	1	0	90	19
0	85	575.9322	30.14	0	1	0	0	1	0	90	19
1	49	575.9322	30.14	0	1	1	0	1	0	90	19
0	38	575.9322	30.14	0	1	1	0	1	0	90	19
0	46	575.9322	30.14	0	1	0	0	1	0	90	19
1	23	575.9322	30.14	1	0	1	0	1	0	90	19
0	30	575.9322	30.14	0	0	0	0	1	0	90	19
0	56	1016.564	84.56	0	1	0	0	1	1	91	31
1	70	1016.564	84.56	0	1	1	0	1	1	91	31
1	40	1016.564	84.56	0	1	0	0	1	0	91	31
0	69	1016.564	84.56	0	1	0	0	1	0	91	31
0	68	1016.564	84.56	0	1	0	0	1	1	91	31
0	85	1016.564	84.56	0	1	0	0	1	0	91	31
1	41	1016.564	84.56	1	0	0	0	1	1	91	31
0	69	1016.564	84.56	0	1	0	0	1	1	91	31
1	56	1016.564	84.56	0	1	0	0	1	1	91	31
0	51	1016.564	84.56	0	1	0	0	1	0	91	31
1	51	1016.564	84.56	1	0	0	0	1	0	91	31
1	38	1016.564	84.56	0	1	1	0	1	0	91	31
1	56	1016.564	84.56	1	0	0	0	1	0	91	31
0	29	1016.564	84.56	1	0	0	0	1	0	91	31
1	43	1016.564	84.56	0	1	0	0	1	1	91	31
0	39	1016.564	84.56	1	0	0	0	1	1	91	31
0	29	1016.564	84.56	1	0	0	0	1	1	91	31
1	56	1016.564	84.56	1	0	0	0	1	0	91	31
1	74	1016.564	84.56	0	1	0	0	1	0	91	31
0	70	1016.564	84.56	0	1	0	1	1	1	91	31
1	28	1187.156	66.75	0	0	0	1	1	0	92	22
1	50	1187.156	66.75	0	1	0	0	1	0	92	22
1	30	1187.156	66.75	0	1	0	0	1	0	92	22
0	40	1187.156	66.75	1	0	0	0	1	1	92	22
0	53	1187.156	66.75	0	1	0	0	1	0	92	22
0	29	1187.156	66.75	0	1	0	0	1	0	92	22
0	36	1216.882	39.51	0	0	0	1	0	1	93	23
0	69	1216.882	39.51	0	1	0	1	0	1	93	23
0	69	1216.882	39.51	0	1	0	1	1	1	93	23
0	23	1216.882	39.51	1	0	0	1	0	1	93	23
0	44	1216.882	39.51	0	0	0	1	1	0	93	23
1	59	1216.882	39.51	0	1	0	0	1	1	93	23
0	43	1216.882	39.51	0	1	0	1	1	1	93	23
1	50	652.2116	29.15	0	1	0	1	1	0	94	23
1	51	652.2116	29.15	0	1	1	0	1	0	94	23
1	34	652.2116	29.15	1	0	0	0	1	0	94	23
0	69	652.2116	29.15	1	0	0	0	1	0	94	23
0	69	652.2116	29.15	1	0	0	1	1	0	94	23
1	69	652.2116	29.15	0	1	0	0	1	0	94	23
1	43	652.2116	29.15	1	0	0	0	1	0	94	23
0	54	652.2116	29.15	0	1	0	0	1	0	94	23
1	50	652.2116	29.15	1	0	0	0	1	0	94	23
1	53	652.2116	29.15	1	0	0	0	1	0	94	23
1	42	652.2116	29.15	0	1	0	0	1	0	94	23
1	50	652.2116	29.15	1	0	0	0	1	1	94	23
1	51	1440.374	78.49	0	1	0	1	1	1	95	32
1	68	1440.374	78.49	0	1	0	1	0	0	95	32
0	77	1440.374	78.49	0	1	0	1	1	1	95	32
0	69	1440.374	78.49	0	1	0	1	1	1	95	32
1	69	1440.374	78.49	0	1	1	0	1	1	95	32
0	68	1440.374	78.49	0	1	0	1	1	1	95	32
1	68	1440.374	78.49	0	1	0	1	1	1	95	32
1	68	1440.374	78.49	0	1	0	1	1	1	95	32
0	56	1440.374	78.49	0	1	0	1	1	1	95	32
0	67	1440.374	78.49	0	1	0	0	1	1	95	32
0	67	1440.374	78.49	0	1	0	1	1	1	95	32
0	71	1440.374	78.49	0	1	0	1	0	1	95	32
0	68	1440.374	78.49	0	1	0	0	1	1	95	32
0	88	1440.374	78.49	0	1	0	1	1	1	95	32
0	69	1440.374	78.49	0	1	0	1	0	0	95	32
1	51	641.2913	91.89	1	0	0	0	1	0	96	24
0	69	641.2913	91.89	0	1	0	0	1	0	96	24
1	85	641.2913	91.89	1	0	0	0	1	0	96	24
0	53	641.2913	91.89	0	1	0	0	1	0	96	24
0	53	641.2913	91.89	1	0	0	0	1	0	96	24
0	43	641.2913	91.89	1	0	0	0	1	0	96	24
0	23	745.7646	46.26	1	0	0	0	1	0	97	24
0	77	745.7646	46.26	0	1	0	1	0	0	97	24
0	69	745.7646	46.26	0	1	0	0	1	0	97	24
0	26	745.7646	46.26	0	0	0	1	0	1	97	24
0	69	745.7646	46.26	0	1	0	0	1	1	97	24
1	77	745.7646	46.26	0	1	0	0	1	1	97	24
1	37	745.7646	46.26	1	0	0	0	1	0	97	24
0	30	745.7646	46.26	1	0	0	0	1	1	97	24
1	34	745.7646	46.26	1	0	0	0	1	0	97	24
1	30	745.7646	46.26	1	0	0	0	1	0	97	24
1	59	745.7646	46.26	1	0	0	0	1	1	97	24
0	69	745.7646	46.26	0	1	0	0	1	1	97	24
1	38	745.7646	46.26	0	1	0	0	1	1	97	24
0	70	745.7646	46.26	0	1	0	0	1	1	97	24
0	34	745.7646	46.26	0	1	0	0	1	0	97	24
0	56	745.7646	46.26	0	1	0	0	1	0	97	24
1	25	229.2402	205.11	0	1	0	0	0	0	98	25
1	25	229.2402	205.11	1	0	0	0	1	0	98	25
1	34	229.2402	205.11	1	0	0	0	1	0	98	25
1	40	229.2402	205.11	1	0	0	0	1	0	98	25
0	29	229.2402	205.11	1	0	0	0	1	0	98	25
1	29	812.5509	41.99	0	0	0	1	0	0	99	26
1	30	812.5509	41.99	0	1	0	1	1	0	99	26
0	59	812.5509	41.99	0	0	0	1	0	0	99	26
0	34	812.5509	41.99	0	1	0	0	1	0	99	26
0	39	812.5509	41.99	0	1	0	0	1	0	99	26
1	34	812.5509	41.99	0	1	0	0	1	1	99	26
0	16	812.5509	41.99	0	1	0	0	1	0	99	26
1	59	812.5509	41.99	0	1	0	0	1	0	99	26
1	38	812.5509	41.99	1	0	0	0	1	0	99	26
1	43	812.5509	41.99	0	1	1	0	1	0	99	26
1	34	812.5509	41.99	1	0	0	0	1	0	99	26
1	23	812.5509	41.99	0	1	0	0	1	0	99	26
1	49	812.5509	41.99	0	0	0	1	0	0	99	26
0	51	812.5509	41.99	0	1	0	0	1	1	99	26
1	31	812.5509	41.99	0	0	1	0	0	0	99	26
0	30	812.5509	41.99	0	1	0	0	1	0	99	26
1	85	812.5509	41.99	0	1	0	1	1	1	99	26
1	69	812.5509	41.99	0	1	0	0	1	0	99	26
1	64	290.3767	112.09	1	0	0	1	0	0	100	48
0	37	290.3767	112.09	1	0	0	0	1	0	100	48
1	23	290.3767	112.09	0	1	0	1	0	0	100	48
0	53	290.3767	112.09	0	1	0	1	0	0	100	48
1	45	290.3767	112.09	0	0	0	1	0	0	100	48
0	40	290.3767	112.09	0	1	0	1	1	0	100	48
1	21	290.3767	112.09	0	0	0	0	0	0	100	48
1	67	290.3767	112.09	0	1	0	1	1	0	100	48
0	38	290.3767	112.09	0	0	0	0	1	0	100	48
0	26	290.3767	112.09	0	0	0	1	0	0	100	48
0	23	572.5126	34.64	0	0	0	1	0	0	101	48
1	64	572.5126	34.64	0	1	0	0	1	1	101	48
0	64	572.5126	34.64	0	1	0	0	1	1	101	48
0	59	572.5126	34.64	0	1	0	0	1	0	101	48
1	66	572.5126	34.64	1	0	0	0	1	0	101	48
0	59	572.5126	34.64	1	0	0	0	1	0	101	48
1	30	572.5126	34.64	1	0	0	0	1	0	101	48
0	23	572.5126	34.64	0	1	0	0	1	1	101	48
1	77	572.5126	34.64	0	1	0	0	1	1	101	48
1	69	572.5126	34.64	0	1	0	0	1	1	101	48
1	30	572.5126	34.64	0	1	0	0	1	0	101	48
1	42	572.5126	34.64	0	1	0	0	1	1	101	48
1	56	572.5126	34.64	0	1	0	0	1	1	101	48
0	30	572.5126	34.64	1	0	0	0	1	0	101	48
0	69	572.5126	34.64	0	1	0	0	1	0	101	48
0	49	572.5126	34.64	1	0	0	0	1	1	101	48
1	56	572.5126	34.64	1	0	0	0	1	0	101	48
0	29	572.5126	34.64	0	1	0	0	1	0	101	48
0	39	572.5126	34.64	1	0	0	1	1	1	101	48
0	56	572.5126	34.64	0	1	0	0	1	0	101	48
1	34	417.2526	27.22	0	0	0	0	1	1	102	48
0	23	417.2526	27.22	0	0	0	1	1	0	102	48
1	30	417.2526	27.22	1	0	0	0	1	1	102	48
1	43	417.2526	27.22	0	1	0	1	1	0	102	48
0	25	417.2526	27.22	0	1	0	0	1	1	102	48
1	31	417.2526	27.22	0	0	0	1	1	0	102	48
1	33	417.2526	27.22	0	1	0	0	1	0	102	48
1	30	417.2526	27.22	0	1	0	1	0	0	102	48
1	37	417.2526	27.22	0	1	1	0	1	1	102	48
1	44	417.2526	27.22	0	1	0	0	1	0	102	48
0	60	417.2526	27.22	0	1	0	0	1	0	102	48
0	33	417.2526	27.22	0	1	0	0	1	0	102	48
1	30	417.2526	27.22	0	1	0	0	1	0	102	48
0	33	417.2526	27.22	0	1	0	0	1	0	102	48
0	77	507.9058	39.45	0	1	0	0	1	1	103	48
0	25	507.9058	39.45	0	1	0	0	1	0	103	48
1	30	533.7315	39.45	0	0	0	1	0	0	103	48
0	50	507.9058	39.45	0	1	1	0	1	0	103	48
0	34	507.9058	39.45	1	0	0	0	1	0	103	48
0	59	507.9058	39.45	0	1	0	0	1	0	103	48
1	67	507.9058	39.45	1	0	0	0	1	0	103	48
1	24	507.9058	39.45	0	1	0	0	1	0	103	48
1	30	507.9058	39.45	0	1	0	0	1	0	103	48
1	34	507.9058	39.45	0	1	1	0	1	0	103	48
0	74	507.9058	39.45	0	1	1	0	1	1	103	48
0	71	507.9058	39.45	0	1	0	1	0	1	103	48
1	56	507.9058	39.45	1	0	0	0	1	0	103	48
0	34	507.9058	39.45	0	1	0	0	1	1	103	48
0	43	507.9058	39.45	0	1	0	0	1	0	103	48
0	69	507.9058	39.45	0	1	1	0	1	1	103	48
1	71	507.9058	39.45	1	0	0	0	1	0	103	48
1	50	507.9058	39.45	1	0	0	0	1	0	103	48
1	31	1003.414	65.84	1	0	0	1	0	1	104	48
0	54	1003.414	65.84	0	1	0	0	1	0	104	48
1	56	1003.414	65.84	0	1	0	0	1	1	104	48
1	16	1003.414	65.84	0	0	0	1	0	0	104	48
1	56	1003.414	65.84	0	1	0	0	1	1	104	48
1	69	1003.414	65.84	0	1	0	0	1	1	104	48
1	40	1003.414	65.84	1	0	0	0	1	1	104	48
0	85	1003.414	65.84	0	1	0	0	1	0	104	48
0	59	1003.414	65.84	0	1	0	0	1	1	104	48
0	71	1003.414	65.84	0	1	0	0	1	1	104	48
1	21	1003.414	65.84	0	1	0	0	1	1	104	48
1	69	1003.414	65.84	0	1	0	0	1	1	104	48
0	68	1003.414	65.84	0	1	0	0	1	1	104	48
1	67	1003.414	65.84	1	0	0	0	1	1	104	48
1	56	1003.414	65.84	0	1	0	0	1	1	104	48
1	69	1003.414	65.84	0	1	0	0	1	0	104	48
0	56	1003.414	65.84	0	1	1	0	1	0	104	48
0	56	1003.414	65.84	0	1	0	0	1	1	104	48
0	29	1003.414	65.84	1	0	0	0	1	0	104	48
0	34	1003.414	65.84	0	0	0	1	1	0	104	48
0	33	1003.414	65.84	1	0	0	0	1	0	104	48
0	56	1003.414	65.84	0	1	0	0	1	1	104	48
0	31	1003.414	65.84	1	0	0	0	1	0	104	48
0	34	232.4871	67.88	1	0	0	0	1	0	105	49
1	34	1518.995	86.73	0	1	0	0	1	0	106	49
1	29	1518.995	86.73	0	0	0	0	1	0	106	49
0	64	1518.995	86.73	1	0	0	0	1	0	106	49
0	29	1518.995	86.73	0	1	0	0	1	0	106	49
1	69	1518.995	86.73	0	1	0	0	1	1	106	49
0	30	1518.995	86.73	0	1	0	0	1	0	106	49
0	35	1072.421	196.53	0	1	0	0	1	0	107	50
0	50	946.3411	196.53	0	1	0	0	1	1	107	50
1	88	1072.421	196.53	0	1	0	0	1	1	107	50
0	56	1072.421	196.53	0	1	0	0	1	0	107	50
0	39	1072.421	196.53	0	1	0	0	1	1	107	50
1	67	1072.421	196.53	0	1	0	0	1	0	107	50
0	69	1072.421	196.53	0	1	0	0	1	1	107	50
1	74	1072.421	196.53	1	0	0	0	1	1	107	50
0	59	1072.421	196.53	0	1	0	0	1	0	107	50
0	66	946.3411	196.53	0	1	0	0	1	1	107	50
0	66	1072.421	196.53	0	1	1	0	0	0	107	50
1	85	1072.421	196.53	0	1	0	0	1	0	107	50
1	44	946.3411	196.53	1	0	0	0	1	1	107	50
1	85	946.3411	196.53	0	1	0	0	1	1	107	50
0	69	1072.421	196.53	0	1	0	0	1	1	107	50
0	58	1072.421	196.53	1	0	0	0	1	0	107	50
0	51	946.3411	196.53	0	1	0	0	1	0	107	50
1	53	946.3411	196.53	0	1	0	0	1	0	107	50
1	88	946.3411	196.53	0	1	0	0	1	1	107	50
1	56	1072.421	196.53	0	1	0	0	1	1	107	50
1	51	1072.421	196.53	0	1	0	0	1	0	107	50
1	88	1072.421	196.53	0	1	0	0	1	1	107	50
1	67	1072.421	196.53	0	1	0	0	1	1	107	50
1	56	1072.421	196.53	0	1	1	0	1	1	107	50
0	32	1072.421	196.53	1	0	0	0	1	1	107	50
0	53	342.9619	127.99	0	1	0	0	1	1	108	50
1	66	342.9619	127.99	0	1	0	0	1	1	108	50
0	54	342.9619	127.99	0	1	0	1	0	0	108	50
1	65	342.9619	127.99	0	1	0	0	1	1	108	50
0	70	342.9619	127.99	0	1	0	0	1	1	108	50
1	40	342.9619	127.99	1	0	0	0	1	1	108	50
0	51	342.9619	127.99	0	1	0	0	1	1	108	50
0	71	342.9619	127.99	0	1	0	1	1	1	108	50
1	71	342.9619	127.99	0	1	0	0	1	0	108	50
1	46	342.9619	127.99	0	1	0	1	1	0	108	50
1	30	342.9619	127.99	1	0	0	0	1	1	108	50
0	67	342.9619	127.99	0	1	0	1	0	1	108	50
1	41	342.9619	127.99	0	1	0	0	1	1	108	50
1	34	342.9619	127.99	1	0	0	0	1	1	108	50
1	23	342.9619	127.99	1	0	0	0	1	1	108	50
1	77	342.9619	127.99	0	1	0	0	1	1	108	50
1	67	342.9619	127.99	0	1	0	0	1	1	108	50
0	43	342.9619	127.99	1	0	0	0	1	0	108	50
1	66	342.9619	127.99	1	0	0	0	1	0	108	50
0	58	509.3501	40.79	0	1	0	0	1	0	109	50
1	70	509.3501	40.79	0	1	0	0	1	1	109	50
0	77	509.3501	40.79	0	1	0	0	1	0	109	50
1	54	509.3501	40.79	0	1	0	0	1	1	109	50
1	54	509.3501	40.79	0	1	0	0	1	1	109	50
1	54	509.3501	40.79	0	1	0	0	1	1	109	50
0	68	509.3501	40.79	0	1	0	1	0	1	109	50
0	29	509.3501	40.79	1	0	0	0	1	0	109	50
0	34	509.3501	40.79	1	0	0	0	1	0	109	50
1	25	509.3501	40.79	0	0	0	0	1	0	109	50
1	56	509.3501	40.79	1	0	0	0	1	0	109	50
0	85	509.3501	40.79	0	1	1	0	1	0	109	50
1	56	1815.993	76.37	0	1	0	0	1	0	110	50
1	40	1815.993	76.37	0	1	0	0	1	1	110	50
0	51	1815.993	76.37	0	1	0	0	1	0	110	50
1	46	1815.993	76.37	1	0	0	0	1	1	110	50
0	59	1815.993	76.37	0	1	0	0	1	1	110	50
1	40	1815.993	76.37	0	1	0	0	1	0	110	50
0	69	1815.993	76.37	0	1	0	0	1	1	110	50
0	40	1815.993	76.37	0	1	0	0	1	1	110	50
0	69	1815.993	76.37	1	0	0	0	1	0	110	50
0	65	1815.993	76.37	0	1	0	0	1	1	110	50
1	56	1815.993	76.37	0	1	0	0	1	1	110	50
1	29	1815.993	76.37	0	1	0	0	1	1	110	50
0	69	1815.993	76.37	0	1	0	0	1	0	110	50
1	56	1815.993	76.37	0	1	0	0	1	0	110	50
0	67	435.3889	46.85	0	1	0	0	1	1	111	49
1	71	435.3889	46.85	0	1	0	0	1	0	111	49
1	43	435.3889	46.85	1	0	0	0	1	1	111	49
0	68	435.3889	46.85	0	1	0	0	1	0	111	49
0	34	402.8702	46.85	0	1	0	0	1	0	111	49
0	33	435.3889	46.85	0	1	0	0	1	0	111	49
0	69	435.3889	46.85	0	1	1	0	1	1	111	49
0	59	402.8702	46.85	0	1	0	0	1	0	111	49
1	30	435.3889	46.85	0	1	0	0	1	0	111	49
0	28	435.3889	46.85	1	0	0	0	1	1	111	49
0	51	435.3889	46.85	0	1	0	0	1	1	111	49
1	35	435.3889	46.85	1	0	0	0	1	0	111	49
1	61	435.3889	46.85	0	1	0	0	1	1	111	49
1	30	643.6211	40.25	1	0	0	0	1	0	112	49
0	39	643.6211	40.25	0	1	0	0	1	1	112	49
1	71	643.6211	40.25	0	1	0	0	1	1	112	49
1	40	695.5726	40.25	1	0	0	0	1	1	112	49
0	34	695.5726	40.25	0	1	0	1	0	0	112	49
0	53	695.5726	40.25	0	1	0	0	1	1	112	49
0	57	695.5726	40.25	0	1	0	0	1	0	112	49
0	59	695.5726	40.25	1	0	0	0	1	1	112	49
0	71	695.5726	40.25	0	1	0	0	1	0	112	49
1	69	695.5726	40.25	0	1	0	0	1	1	112	49
1	69	695.5726	40.25	0	1	0	0	1	1	112	49
1	43	695.5726	40.25	0	1	0	0	1	1	112	49
0	29	695.5726	40.25	0	0	0	0	1	1	112	49
1	71	695.5726	40.25	0	1	0	0	1	1	112	49
0	67	695.5726	40.25	0	1	0	0	1	1	112	49
0	53	695.5726	40.25	1	0	0	0	1	1	112	49
0	71	643.6211	40.25	1	0	0	0	1	1	112	49
1	33	695.5726	40.25	1	0	0	0	1	1	112	49
1	58	643.6211	40.25	0	1	0	0	1	0	112	49
1	39	643.6211	40.25	1	0	0	0	1	0	112	49
0	41	643.6211	40.25	0	1	0	0	1	0	112	49
1	54	669.9942	27.75	0	1	0	0	1	0	113	49
0	69	724.0745	27.75	0	1	0	0	1	1	113	49
0	54	724.0745	27.75	0	1	0	0	1	1	113	49
0	64	669.9942	27.75	0	1	0	0	1	0	113	49
1	66	724.0745	27.75	0	1	0	0	1	1	113	49
0	69	724.0745	27.75	0	1	0	0	1	0	113	49
1	39	669.9942	27.75	0	1	0	0	1	0	113	49
1	54	724.0745	27.75	0	1	0	0	1	1	113	49
1	30	724.0745	27.75	1	0	0	0	1	0	113	49
1	67	669.9942	27.75	0	1	0	1	0	0	113	49
0	88	724.0745	27.75	0	1	0	0	1	0	113	49
0	29	724.0745	27.75	1	0	0	0	1	0	113	49
1	37	669.9942	27.75	1	0	0	0	1	1	113	49
1	88	669.9942	27.75	0	1	0	0	1	1	113	49
1	69	669.9942	27.75	0	1	0	0	1	1	113	49
1	46	767.5464	50.69	0	1	0	0	1	0	114	49
0	34	767.5464	50.69	1	0	0	0	1	0	114	49
1	43	767.5464	50.69	0	1	0	0	1	1	114	49
1	50	767.5464	50.69	1	0	0	0	1	0	114	49
1	69	767.5464	50.69	0	1	0	0	1	1	114	49
1	68	767.5464	50.69	0	1	1	0	1	0	114	49
0	51	767.5464	50.69	0	1	0	0	1	1	114	49
1	16	767.5464	50.69	1	0	0	0	1	0	114	49
0	51	767.5464	50.69	1	0	0	0	1	0	114	49
0	71	767.5464	50.69	0	1	0	0	1	0	114	49
1	51	767.5464	50.69	0	1	0	0	1	1	114	49
1	33	767.5464	50.69	1	0	0	0	1	0	114	49
1	55	767.5464	50.69	0	1	0	0	1	1	114	49
1	29	767.5464	50.69	1	0	0	0	1	1	114	49
1	56	767.5464	50.69	0	1	0	0	1	1	114	49
1	31	767.5464	50.69	0	0	1	0	0	0	114	49
0	50	767.5464	50.69	0	1	0	0	1	0	114	49
0	69	767.5464	50.69	0	1	0	0	1	1	114	49
1	29	767.5464	50.69	1	0	0	0	1	0	114	49
0	21	2464.24	1905.9	0	0	0	1	0	0	115	50
0	30	2464.24	1905.9	0	0	0	1	0	0	115	50
1	56	732.326	62.61	0	1	0	0	1	1	116	50
0	67	732.326	62.61	0	1	0	1	0	0	116	50
0	35	677.6294	62.61	0	1	0	0	1	1	116	50
0	85	732.326	62.61	0	1	0	0	1	1	116	50
0	51	732.326	62.61	0	1	0	0	1	0	116	50
0	16	732.326	62.61	0	0	0	1	0	1	116	50
1	56	732.326	62.61	1	0	0	0	1	1	116	50
1	69	732.326	62.61	1	0	0	0	1	1	116	50
1	51	677.6294	62.61	0	1	0	0	1	0	116	50
0	68	677.6294	62.61	0	1	1	0	0	1	116	50
0	34	677.6294	62.61	0	0	0	1	0	1	116	50
1	85	732.326	62.61	0	1	0	0	1	0	116	50
1	50	677.6294	62.61	1	0	0	1	0	0	116	50
1	54	677.6294	62.61	0	1	0	1	0	0	116	50
0	44	732.326	62.61	0	0	0	1	0	0	116	50
0	35	677.6294	62.61	1	0	0	0	1	0	116	50
1	59	732.326	62.61	0	1	0	1	1	1	116	50
1	40	732.326	62.61	1	0	0	0	1	1	116	50
1	34	660.3994	59.83	0	1	0	0	1	0	117	50
0	54	660.3994	59.83	0	1	0	0	1	0	117	50
1	34	611.0749	59.83	0	1	0	1	1	0	117	50
0	34	611.0749	59.83	0	0	1	0	1	0	117	50
1	21	611.0749	59.83	0	1	0	0	1	0	117	50
0	30	611.0749	59.83	0	1	0	0	1	0	117	50
1	34	611.0749	59.83	1	0	1	0	0	0	117	50
0	53	660.3994	59.83	0	1	1	0	1	0	117	50
1	25	660.3994	59.83	1	0	0	0	1	0	117	50
0	30	611.0749	59.83	0	0	0	0	1	0	117	50
1	34	660.3994	59.83	1	0	0	0	1	0	117	50
1	31	660.3994	59.83	0	0	1	0	1	0	117	50
1	30	660.3994	59.83	0	0	1	0	1	0	117	50
1	34	611.0749	59.83	0	0	0	0	1	0	117	50
1	33	611.0749	59.83	0	1	0	0	1	0	117	50
1	30	611.0749	59.83	0	1	1	0	0	1	117	50
1	56	745.0126	57.5	0	1	0	0	1	0	118	50
0	34	745.0126	57.5	0	0	1	0	0	0	118	50
0	31	745.0126	57.5	0	0	1	0	0	0	118	50
1	67	745.0126	57.5	0	1	1	0	1	0	118	50
0	34	745.0126	57.5	0	0	0	0	1	0	118	50
1	43	745.0126	57.5	0	1	0	0	0	0	118	50
1	44	745.0126	57.5	0	0	1	0	1	0	118	50
0	23	745.0126	57.5	1	0	0	1	0	1	118	50
1	29	745.0126	57.5	0	0	0	1	0	0	118	50
0	56	544.7914	38.34	1	0	1	0	1	1	119	50
1	59	544.7914	38.34	1	0	1	0	1	0	119	50
1	38	588.7657	38.34	0	1	1	0	1	0	119	50
0	69	588.7657	38.34	0	0	0	0	1	0	119	50
1	28	588.7657	38.34	0	1	0	0	1	1	119	50
1	40	588.7657	38.34	1	0	0	1	0	0	119	50
0	23	588.7657	38.34	0	0	0	1	1	0	119	50
1	30	588.7657	38.34	1	0	1	0	1	1	119	50
0	29	588.7657	38.34	0	0	0	1	0	0	119	50
0	30	544.7914	38.34	1	0	0	1	0	0	119	50
1	37	588.7657	38.34	1	0	1	0	1	0	119	50
0	58	544.7914	38.34	1	0	0	0	1	0	119	50
1	41	544.7914	38.34	1	0	0	0	1	0	119	50
1	34	413.4607	35.46	1	0	0	1	0	0	120	50
0	77	413.4607	35.46	0	1	1	0	1	0	120	50
1	34	413.4607	35.46	0	0	0	0	1	0	120	50
1	54	413.4607	35.46	0	0	0	1	0	0	120	50
1	29	413.4607	35.46	0	0	1	0	0	0	120	50
1	66	413.4607	35.46	0	1	0	0	1	0	120	50
0	34	413.4607	35.46	0	0	1	0	1	0	120	50
1	21	413.4607	35.46	0	0	0	1	0	0	120	50
1	33	413.4607	35.46	0	1	0	0	1	0	120	50
1	23	382.5798	35.46	1	0	0	1	0	0	120	50
0	50	413.4607	35.46	1	0	0	1	0	0	120	50
0	55	413.4607	35.46	0	1	0	0	1	1	120	50
1	24	413.4607	35.46	0	0	0	0	1	1	120	50
0	56	413.4607	35.46	0	1	0	0	0	0	120	50
1	30	382.5798	35.46	0	1	0	0	1	0	120	50
0	56	413.4607	35.46	0	1	0	0	1	1	120	50
0	35	486.8171	34.67	0	1	1	0	0	0	121	50
0	45	486.8171	34.67	0	1	0	0	1	0	121	50
0	29	486.8171	34.67	0	0	0	1	0	0	121	50
0	24	486.8171	34.67	1	0	0	1	0	0	121	50
0	24	486.8171	34.67	0	0	0	1	0	0	121	50
0	43	486.8171	34.67	0	1	0	0	1	0	121	50
1	42	1058.276	32.61	1	0	0	0	1	0	122	50
0	45	979.2349	32.61	0	1	0	0	1	0	122	50
1	50	1058.276	32.61	1	0	0	0	1	0	122	50
1	59	1058.276	32.61	0	1	0	0	1	1	122	50
1	69	979.2349	32.61	0	1	0	0	0	0	122	50
1	51	1058.276	32.61	0	1	1	0	1	1	122	50
1	30	979.2349	32.61	1	0	0	0	1	0	122	50
0	29	979.2349	32.61	0	0	0	1	0	0	122	50
0	59	979.2349	32.61	0	1	0	0	1	0	122	50
1	27	979.2349	32.61	0	0	0	1	1	0	122	50
1	29	979.2349	32.61	0	0	0	1	0	0	122	50
0	59	1058.276	32.61	1	0	0	0	1	0	122	50
0	43	1058.276	32.61	0	1	0	0	1	0	122	50
1	30	979.2349	32.61	0	0	0	1	0	1	122	50
1	69	1051.346	31.25	1	0	0	0	1	1	123	50
1	69	1051.346	31.25	0	1	0	0	1	0	123	50
1	32	1051.346	31.25	0	0	0	1	0	0	123	50
1	30	1136.208	31.25	0	1	0	0	1	0	123	50
0	69	1051.346	31.25	0	1	0	0	1	0	123	50
0	23	1051.346	31.25	0	0	0	1	0	0	123	50
1	45	1136.208	31.25	1	0	0	0	1	0	123	50
0	33	1136.208	31.25	1	0	0	0	1	0	123	50
0	51	209.242	98.28	0	1	0	0	1	0	124	4
0	56	209.242	98.28	0	1	0	0	1	0	124	4
0	43	209.242	98.28	0	1	0	0	1	0	124	4
0	59	209.242	98.28	0	1	0	0	1	0	124	4
0	67	209.242	98.28	0	1	0	0	1	0	124	4
1	30	209.242	98.28	0	1	0	1	0	0	124	4
0	59	209.242	98.28	0	1	0	0	1	0	124	4
0	40	209.242	98.28	1	0	0	1	1	0	124	4
0	40	209.242	98.28	0	1	0	1	1	1	124	4
1	49	209.242	98.28	0	1	1	0	1	0	124	4
1	50	209.242	98.28	0	1	0	0	1	0	124	4
0	77	209.242	98.28	0	1	0	0	1	0	124	4
1	30	209.242	98.28	1	0	0	1	1	1	124	4
0	19	851.754	31.16	0	1	0	0	1	1	125	6
0	34	851.754	31.16	1	0	0	0	1	1	125	6
0	40	851.754	31.16	0	1	1	0	1	1	125	6
0	59	851.754	31.16	1	0	0	0	1	0	125	6
0	54	851.754	31.16	0	1	0	0	1	1	125	6
1	34	851.754	31.16	0	1	0	0	1	0	125	6
1	85	851.754	31.16	0	1	0	0	1	1	125	6
1	59	851.754	31.16	1	0	0	0	1	0	125	6
0	49	738.5586	31.16	0	0	0	0	1	0	125	6
0	44	851.754	31.16	0	1	1	0	1	1	125	6
1	34	851.754	31.16	1	0	0	1	1	1	125	6
0	49	1069.089	17.94	1	0	0	1	0	0	126	8
1	38	1069.089	17.94	0	1	0	1	1	1	126	8
0	59	927.0104	17.94	0	0	1	0	1	0	126	8
0	51	1069.089	17.94	0	1	0	0	1	0	126	8
0	43	1069.089	17.94	0	0	0	1	0	0	126	8
0	69	1486.144	110.48	0	1	0	0	1	0	127	28
1	43	1486.144	110.48	0	1	0	0	1	1	127	28
0	34	1486.144	110.48	0	1	0	0	1	1	127	28
1	71	1486.144	110.48	0	1	0	0	1	1	127	28
1	35	1486.144	110.48	1	0	1	0	1	1	127	28
1	40	1486.144	110.48	1	0	0	0	1	0	127	28
0	43	1671.912	110.48	0	1	0	0	1	0	127	28
1	54	1486.144	110.48	0	1	0	0	1	1	127	28
0	59	1671.912	110.48	0	1	0	0	1	1	127	28
1	37	1486.144	110.48	1	0	0	0	1	0	127	28
0	59	1486.144	110.48	1	0	0	0	1	0	127	28
0	30	1486.144	110.48	1	0	0	0	1	1	127	28
1	51	1671.912	110.48	1	0	0	0	1	1	127	28
1	56	1671.912	110.48	0	1	0	0	1	1	127	28
0	34	321.0905	90.95	0	1	0	1	0	0	128	34
1	69	278.4185	90.95	0	0	0	1	0	0	128	34
1	30	321.0905	90.95	0	1	0	1	0	0	128	34
1	16	321.0905	90.95	1	0	0	0	1	0	128	34
0	34	321.0905	90.95	1	0	0	0	1	0	128	34
1	30	321.0905	90.95	0	1	0	0	1	0	128	34
0	34	321.0905	90.95	1	0	0	0	1	0	128	34
0	66	321.0905	90.95	1	0	0	0	1	0	128	34
0	53	321.0905	90.95	1	0	0	0	1	0	128	34
1	68	321.0905	90.95	0	1	0	1	1	0	128	34
0	23	321.0905	90.95	1	0	0	0	0	0	128	34
1	32	278.4185	90.95	1	0	0	1	1	0	128	34
1	30	647.5389	77.54	1	0	0	0	1	0	129	34
0	53	561.483	77.54	1	0	0	0	1	0	129	34
0	34	647.5389	77.54	0	1	0	1	0	0	129	34
1	30	647.5389	77.54	0	1	0	0	1	0	129	34
0	43	647.5389	77.54	0	1	0	1	0	0	129	34
0	27	647.5389	77.54	0	1	0	0	0	0	129	34
1	49	590.419	44.39	0	1	0	1	0	0	130	34
0	67	590.419	44.39	0	1	0	0	1	1	130	34
1	53	590.419	44.39	1	0	0	0	1	1	130	34
0	70	590.419	44.39	0	1	0	0	1	1	130	34
1	71	590.419	44.39	0	1	0	0	1	1	130	34
1	77	590.419	44.39	0	1	0	0	1	0	130	34
0	40	590.419	44.39	1	0	0	0	1	1	130	34
1	30	590.419	44.39	1	0	0	0	1	1	130	34
0	34	590.419	44.39	1	0	0	0	1	1	130	34
1	40	590.419	44.39	0	1	0	0	1	1	130	34
1	21	590.419	44.39	1	0	0	0	1	0	130	34
1	37	590.419	44.39	1	0	1	0	1	0	130	34
1	70	590.419	44.39	0	1	0	0	1	1	130	34
0	30	590.419	44.39	1	0	0	0	1	1	130	34
0	27	590.419	44.39	1	0	0	0	1	0	130	34
0	34	590.419	44.39	1	0	0	0	1	0	130	34
1	27	590.419	44.39	1	0	0	1	1	1	130	34
0	69	1003.356	324.76	0	1	0	0	1	1	131	34
1	59	1128.776	324.76	0	1	0	0	1	1	131	34
1	54	1003.356	324.76	1	0	0	0	1	1	131	34
1	51	1128.776	324.76	1	0	0	0	1	0	131	34
1	69	1003.356	324.76	0	1	0	0	1	1	131	34
0	85	1003.356	324.76	0	1	0	0	1	1	131	34
1	64	1003.356	324.76	1	0	1	0	1	1	131	34
0	88	1128.776	324.76	0	1	0	0	1	1	131	34
1	59	1003.356	324.76	0	1	0	0	1	0	131	34
0	50	1128.776	324.76	0	1	0	0	1	1	131	34
0	69	1003.356	324.76	0	1	0	0	1	1	131	34
0	69	1003.356	324.76	0	1	0	0	1	0	131	34
1	34	1003.356	324.76	0	1	0	0	1	1	131	34
0	44	1128.776	324.76	0	1	0	0	1	0	131	34
0	59	1128.776	324.76	0	1	0	0	1	0	131	34
0	70	1128.776	324.76	0	1	0	0	1	1	131	34
0	43	1128.776	324.76	0	1	0	0	1	1	131	34
1	69	1003.356	324.76	0	1	0	0	1	1	131	34
0	88	1003.356	324.76	0	1	0	0	1	1	131	34
0	43	1003.356	324.76	0	1	0	0	1	1	131	34
0	61	1003.356	324.76	0	1	0	0	1	0	131	34
0	70	1128.776	324.76	0	1	0	0	1	1	131	34
0	54	1128.776	324.76	0	1	1	0	1	0	131	34
0	67	1003.356	324.76	1	0	0	0	1	0	131	34
0	37	809.3919	480.15	1	0	0	0	1	1	132	40
0	37	809.3919	480.15	0	1	0	0	1	0	132	40
1	30	809.3919	480.15	1	0	0	0	1	0	132	40
1	59	809.3919	480.15	0	1	0	0	1	1	132	40
0	69	944.2905	480.15	0	1	0	0	1	1	132	40
1	41	809.3919	480.15	0	1	0	0	1	1	132	40
0	43	809.3919	480.15	0	1	0	0	1	1	132	40
0	29	809.3919	480.15	1	0	0	0	1	0	132	40
1	59	809.3919	480.15	0	1	0	0	1	1	132	40
1	37	809.3919	480.15	1	0	0	0	1	1	132	40
0	29	809.3919	480.15	0	1	0	0	1	0	132	40
0	59	944.2905	480.15	0	1	0	0	1	1	132	40
0	69	809.3919	480.15	0	1	0	0	1	0	132	40
1	69	809.3919	480.15	0	1	0	0	1	1	132	40
0	32	850.1089	151.52	1	0	1	0	1	1	133	38
1	24	850.1089	151.52	1	0	0	0	1	0	133	38
0	29	997.6026	151.52	0	0	0	0	1	0	133	38
0	34	997.6026	151.52	0	0	0	0	1	0	133	38
1	34	997.6026	151.52	1	0	0	0	1	0	133	38
1	34	850.1089	151.52	1	0	0	0	1	0	133	38
1	21	850.1089	151.52	1	0	0	0	1	0	133	38
0	29	850.1089	151.52	0	1	0	0	1	0	133	38
0	19	997.6026	151.52	1	0	0	0	1	0	133	38
1	59	850.1089	151.52	0	1	0	0	1	0	133	38
0	34	850.1089	151.52	0	0	0	0	1	0	133	38
0	69	997.6026	151.52	0	1	0	1	0	0	133	38
0	71	997.6026	151.52	0	1	0	0	1	0	133	38
1	29	997.6026	151.52	1	0	0	0	1	0	133	38
0	69	850.1089	151.52	1	0	0	0	1	1	133	38
1	71	1119.385	1049.42	0	1	0	0	1	1	134	39
0	49	1119.385	1049.42	0	1	0	0	1	1	134	39
0	29	1119.385	1049.42	0	1	0	0	1	1	134	39
1	38	1119.385	1049.42	1	0	0	0	1	0	134	39
1	30	1268.519	1049.42	1	0	0	0	1	0	134	39
1	19	1268.519	1049.42	0	0	0	0	1	0	134	39
1	77	1268.519	1049.42	0	1	0	0	1	1	134	39
0	69	1425.567	52.58	0	1	0	0	1	1	135	30
1	34	1747.469	52.58	0	1	0	1	1	0	135	30
0	88	1425.567	52.58	0	1	0	1	1	1	135	30
0	87	1425.567	52.58	0	1	0	0	1	0	135	30
0	74	1425.567	52.58	0	1	0	0	1	1	135	30
1	56	1931.414	52.58	0	1	1	0	1	1	135	30
1	70	1425.567	52.58	0	1	0	0	1	1	135	30
1	74	1747.469	52.58	0	1	0	1	0	1	135	30
1	44	1425.567	52.58	0	1	1	0	1	1	135	30
1	68	1747.469	52.58	0	1	0	0	1	0	135	30
1	69	1425.567	52.58	0	1	0	0	1	1	135	30
1	69	1425.567	52.58	0	1	0	0	1	1	135	30
1	88	1425.567	52.58	0	1	0	0	1	1	135	30
0	42	1425.567	52.58	0	1	0	0	1	1	135	30
0	69	1425.567	52.58	0	1	0	0	1	0	135	30
1	87	1747.469	52.58	0	1	0	0	1	1	135	30
1	70	1425.567	52.58	0	1	0	0	1	1	135	30
0	53	1425.567	52.58	0	1	0	0	1	1	135	30
0	88	1747.469	52.58	0	1	0	0	1	1	135	30
1	49	1425.567	52.58	0	0	1	0	1	0	135	30
0	34	876.0324	876.03	1	0	0	0	1	0	136	51
0	34	876.0324	876.03	0	0	0	0	1	0	136	51
1	34	876.0324	876.03	0	1	0	0	1	0	136	51
1	30	876.0324	876.03	0	0	0	0	1	0	136	51
0	26	876.0324	876.03	0	1	0	0	1	0	136	51
1	29	809.1384	202.18	1	0	0	0	1	0	137	52
1	30	809.1384	202.18	0	0	0	1	0	0	137	52
1	29	809.1384	202.18	0	1	0	0	1	1	137	52
1	30	809.1384	202.18	1	0	0	1	0	0	137	52
0	69	809.1384	202.18	0	1	0	0	1	0	137	52
0	29	809.1384	202.18	0	1	0	0	1	1	137	52
1	35	809.1384	202.18	1	0	0	0	1	1	137	52
1	32	809.1384	202.18	0	1	0	0	1	0	137	52
1	29	809.1384	202.18	0	1	0	0	1	1	137	52
0	51	809.1384	202.18	0	1	0	0	1	1	137	52
0	51	809.1384	202.18	0	1	0	0	1	1	137	52
1	70	809.1384	202.18	0	1	0	0	1	1	137	52
0	69	809.1384	202.18	0	1	0	0	1	1	137	52
1	30	809.1384	202.18	0	1	0	0	1	1	137	52
0	50	741.9292	32.74	0	0	0	1	0	0	139	18
1	45	741.9292	32.74	0	0	0	1	0	0	139	18
0	77	741.9292	32.74	0	1	0	1	1	1	139	18
1	23	741.9292	32.74	0	0	0	1	0	0	139	18
1	34	741.9292	32.74	1	0	0	1	1	0	139	18
0	43	741.9292	32.74	0	0	0	1	0	0	139	18
0	34	779.6545	32.74	0	0	0	1	0	0	139	18
0	38	741.9292	32.74	0	1	1	0	1	0	139	18
0	51	741.9292	32.74	1	0	0	0	1	0	139	18
1	25	741.9292	32.74	0	0	0	1	1	0	139	18
1	50	741.9292	32.74	0	0	0	1	0	0	139	18
0	30	741.9292	32.74	0	1	0	1	0	0	139	18
1	30	741.9292	32.74	0	0	0	1	0	1	139	18
0	30	741.9292	32.74	0	0	0	1	0	0	139	18
0	85	741.9292	32.74	0	1	0	0	1	1	139	18
0	32	596.8745	34.85	0	0	0	0	1	0	140	25
1	67	596.8745	34.85	0	1	0	0	1	0	140	25
1	69	596.8745	34.85	0	1	0	0	1	0	140	25
0	85	596.8745	34.85	0	1	0	0	1	1	140	25
1	43	596.8745	34.85	0	0	0	1	0	1	140	25
1	59	596.8745	34.85	0	1	0	0	1	0	140	25
1	56	596.8745	34.85	0	1	0	0	1	0	140	25
0	53	596.8745	34.85	0	1	0	0	1	1	140	25
0	58	596.8745	34.85	0	1	0	0	1	0	140	25
1	51	596.8745	34.85	0	0	0	0	1	0	140	25
1	74	596.8745	34.85	0	1	0	0	1	1	140	25
1	69	596.8745	34.85	0	1	0	1	1	1	140	25
1	43	596.8745	34.85	0	0	0	0	1	0	140	25
1	34	303.2753	31.87	0	0	0	1	0	0	141	26
0	34	303.2753	31.87	0	0	0	1	1	0	141	26
1	39	303.2753	31.87	1	0	0	0	1	0	141	26
0	29	303.2753	31.87	0	1	0	1	0	0	141	26
1	59	303.2753	31.87	1	0	0	0	1	0	141	26
0	69	303.2753	31.87	0	1	0	0	1	0	141	26
1	28	303.2753	31.87	0	0	0	0	0	0	141	26
1	29	303.2753	31.87	1	0	0	0	1	0	141	26
0	30	303.2753	31.87	0	0	0	1	0	0	141	26
0	35	303.2753	31.87	1	0	0	0	1	0	141	26
1	27	303.2753	31.87	0	1	0	1	0	0	141	26
0	23	303.2753	31.87	1	0	0	0	1	0	141	26
0	33	303.2753	31.87	1	0	0	0	1	0	141	26
1	33	303.2753	31.87	0	1	0	0	1	0	141	26
1	40	303.2753	31.87	1	0	0	0	1	0	141	26
1	34	303.2753	31.87	0	0	0	1	1	0	141	26
1	29	272.9964	27.14	0	0	0	1	0	0	142	27
1	51	272.9964	27.14	1	0	0	0	1	0	142	27
0	59	272.9964	27.14	1	0	0	0	1	0	142	27
0	77	272.9964	27.14	0	1	0	0	1	0	142	27
1	34	272.9964	27.14	1	0	0	0	1	1	142	27
0	38	272.9964	27.14	1	0	1	0	1	1	142	27
1	40	272.9964	27.14	0	0	0	1	0	0	142	27
1	42	272.9964	27.14	1	0	0	0	1	0	142	27
1	71	272.9964	27.14	0	1	0	0	1	1	142	27
0	34	272.9964	27.14	0	1	0	0	1	0	142	27
1	51	272.9964	27.14	0	1	0	0	1	0	142	27
1	23	272.9964	27.14	0	1	1	0	1	0	142	27
0	51	1194.648	91.9	0	1	0	0	1	0	143	32
0	37	1194.648	91.9	1	0	0	0	1	0	143	32
0	56	1194.648	91.9	1	0	0	0	1	1	143	32
1	34	1194.648	91.9	1	0	0	0	1	1	143	32
1	59	1194.648	91.9	0	1	0	0	1	0	143	32
0	25	1194.648	91.9	0	0	0	1	1	1	143	32
0	21	1194.648	91.9	0	1	0	0	1	1	143	32
0	42	1194.648	91.9	1	0	0	0	1	1	143	32
0	21	1194.648	91.9	0	0	0	0	1	0	143	32
0	29	1194.648	91.9	0	0	0	0	1	0	143	32
1	59	1194.648	91.9	1	0	0	0	1	0	143	32
0	29	1194.648	91.9	1	0	0	0	1	0	143	32
0	56	1194.648	91.9	0	1	0	0	1	0	143	32
1	41	1194.648	91.9	0	1	0	0	1	1	143	32
1	43	663.2402	49.84	0	1	0	0	1	0	144	50
1	34	663.2402	49.84	0	0	0	1	1	0	144	50
0	69	663.2402	49.84	0	1	1	0	1	0	144	50
1	23	663.2402	49.84	0	0	0	1	0	1	144	50
1	54	663.2402	49.84	0	1	0	0	1	1	144	50
1	30	663.2402	49.84	1	0	0	0	0	0	144	50
0	21	663.2402	49.84	0	0	0	1	0	0	144	50
0	50	663.2402	49.84	0	1	0	0	1	0	144	50
0	29	663.2402	49.84	1	0	0	0	1	0	144	50
0	34	611.2611	38.21	0	1	0	1	0	0	145	6
1	23	704.9462	38.21	1	0	0	1	1	0	145	6
1	30	611.2611	38.21	0	1	0	0	1	0	145	6
1	32	704.9462	38.21	1	0	0	0	1	0	145	6
1	51	704.9462	38.21	1	0	0	0	1	0	145	6
1	29	704.9462	38.21	0	1	0	1	0	0	145	6
1	25	704.9462	38.21	0	1	0	1	0	0	145	6
1	30	704.9462	38.21	0	1	0	0	1	0	145	6
1	56	1418.896	130.81	0	1	0	0	1	1	147	34
0	67	1596.258	130.81	0	1	0	0	1	0	147	34
1	30	1418.896	130.81	1	0	0	0	1	1	147	34
0	42	1418.896	130.81	0	1	0	0	1	0	147	34
0	34	1596.258	130.81	0	1	0	0	1	0	147	34
1	41	1418.896	130.81	0	1	0	0	1	0	147	34
0	37	1596.258	130.81	1	0	0	0	1	0	147	34
0	54	1596.258	130.81	0	1	0	0	1	0	147	34
0	60	1418.896	130.81	0	1	0	0	1	1	147	34
0	67	1596.258	130.81	0	1	0	0	1	0	147	34
1	71	1418.896	130.81	1	0	0	0	1	0	147	34
0	39	1596.258	130.81	0	1	0	0	1	1	147	34
0	27	1418.896	130.81	0	1	0	0	1	0	147	34
1	27	1418.896	130.81	1	0	0	0	1	1	147	34
1	66	1418.896	130.81	1	0	0	0	1	0	147	34
1	19	1418.896	130.81	0	1	0	0	1	0	147	34
0	59	1596.258	130.81	1	0	0	0	1	1	147	34
0	51	1596.258	130.81	1	0	0	0	1	1	147	34
0	44	1596.258	130.81	0	1	0	0	1	1	147	34
0	34	387.3683	95.37	0	1	0	0	1	0	148	42
1	29	387.3683	95.37	0	0	0	0	1	0	148	42
0	29	387.3683	95.37	0	1	0	0	1	1	148	42
1	50	387.3683	95.37	0	1	0	0	1	1	148	42
0	30	387.3683	95.37	0	1	0	0	1	0	148	42
1	36	387.3683	95.37	1	0	0	0	1	0	148	42
0	34	387.3683	95.37	0	0	0	0	1	1	148	42
1	34	387.3683	95.37	0	0	0	0	1	0	148	42
1	29	387.3683	95.37	1	0	0	0	1	0	148	42
1	29	387.3683	95.37	0	1	0	0	1	0	148	42
1	30	387.3683	95.37	1	0	0	0	1	0	148	42
0	43	1212.464	146.02	0	1	0	0	0	0	149	38
1	52	1212.464	146.02	1	0	0	0	1	0	149	38
1	67	1212.464	146.02	0	1	0	0	1	0	149	38
1	85	1212.464	146.02	0	1	0	0	1	0	149	38
1	69	1212.464	146.02	1	0	0	0	1	0	149	38
1	23	1414.541	146.02	1	0	0	0	1	1	149	38
1	43	1414.541	146.02	0	0	1	0	1	0	149	38
0	31	1212.464	146.02	0	1	0	0	1	1	149	38
1	67	1212.464	146.02	0	1	0	0	1	1	149	38
0	69	1414.541	146.02	0	1	0	0	1	0	149	38
0	69	1212.464	146.02	1	0	0	0	1	0	149	38
1	30	1212.464	146.02	0	1	0	0	1	0	149	38
0	40	1414.541	146.02	0	0	0	0	1	0	149	38
1	70	1212.464	146.02	0	1	0	0	1	0	149	38
1	67	1212.464	146.02	0	1	0	0	1	1	149	38
0	69	1414.541	146.02	0	1	0	0	1	1	149	38
1	30	1212.464	146.02	1	0	0	0	1	1	149	38
1	42	1414.541	146.02	1	0	0	0	1	0	149	38
1	56	1212.464	146.02	0	1	0	0	1	1	149	38
1	33	330.3075	54.68	0	1	0	0	1	0	150	37
1	41	330.3075	54.68	0	1	0	0	1	0	150	37
0	34	330.3075	54.68	0	1	0	0	1	1	150	37
1	50	330.3075	54.68	0	1	0	0	1	1	150	37
1	73	330.3075	54.68	0	1	0	0	1	0	150	37
1	68	330.3075	54.68	1	0	0	0	1	1	150	37
1	27	330.3075	54.68	1	0	0	0	1	0	150	37
0	39	330.3075	54.68	0	1	0	0	1	0	150	37
0	43	330.3075	54.68	0	1	0	0	1	1	150	37
1	54	330.3075	54.68	1	0	0	0	1	0	150	37
1	70	330.3075	54.68	0	1	0	0	1	0	150	37
1	56	330.3075	54.68	1	0	0	0	1	1	150	37
1	69	330.3075	54.68	0	1	0	0	1	0	150	37
0	23	330.3075	54.68	1	0	0	0	1	1	150	37
0	67	593.2252	140.92	0	1	1	0	1	0	151	12
1	30	677.9717	140.92	1	0	1	0	1	0	151	12
1	30	593.2252	140.92	1	0	0	0	1	0	151	12
1	39	593.2252	140.92	0	1	0	0	1	1	151	12
0	69	593.2252	140.92	0	1	0	0	1	0	151	12
1	43	677.9717	140.92	0	1	0	0	1	0	151	12
0	23	593.2252	140.92	1	0	0	0	1	0	151	12
0	23	593.2252	140.92	0	1	0	0	1	0	151	12
